7.227373376071176692e-01
-3.489788991683329122e-01
-5.995465397944377273e-04
8.203184362160298448e-02
-4.951232343180584916e-01
1.536886640546480720e+00
2.677915683301145044e+00
-9.504041608724691503e-01
7.954318712040719941e-01
-1.657950809394342917e+00
1.045354893554411913e+00
-9.324838768589281957e-01
1.687470329252354295e+00
-1.965794754392338861e+00
1.190005672351307053e+00
1.015955922072844908e+00
4.192053186078179006e-01
4.244666807045101575e-01
1.409660011022996873e+00
-1.214906236810811002e-01
1.438576603668850762e-01
3.819869774831144982e-01
7.911490467566351104e-01
2.074694558395646204e+00
1.764034097333822881e+00
-1.758282975215979427e+00
4.591426465085601816e-01
-1.396363192496953065e+00
-1.444725040917738124e-01
-5.504236514784695000e-01
4.502615977911695877e-01
9.051416144581134748e-01
1.246162815232696897e+00
3.248548321428769148e-01
8.459004678326172977e-01
9.895427272418285680e-01
9.680598243751563636e-01
1.014204397651376155e+00
-6.984308991638709108e-01
9.876858376557564601e-01
-4.382598820030108033e-01
-1.227627747294507965e-01
1.776012157231059208e+00
-3.666061243453228036e-01
2.942099373443484822e+00
-1.650980646891020864e+00
-9.893079933343114085e-01
1.327373973390169049e+00
-1.263158468510286569e+00
6.605313298602530914e-01
6.380295204987209701e-01
5.867169346134927521e-02
3.301276861167116161e-01
4.526105379091868164e-01
5.250646179586537787e-02
1.097750845421823218e+00
1.043438007946970281e+00
4.316521134376352098e-01
-8.182452299792922767e-01
-1.922426541575032344e+00
-2.245309681401046475e+00
1.189828269791306514e+00
9.515272005290806856e-01
-3.873668691715069223e-01
-3.662585219098463685e-01
-5.268648107404726166e-02
1.678470135966557475e+00
-5.033245942655761862e-02
2.004208748930468964e+00
1.538936883222273400e+00
-1.858130413575326489e+00
4.377005999052591689e-01
-1.933923329436707528e-01
1.625489033045340204e+00
-4.002482668034285651e-01
-5.971572924799694038e-01
2.458616863246479989e-01
8.537780748704757450e-01
1.130240482028921356e-03
-1.285978066398762998e-01
7.266714144499053507e-01
-4.315014222989180248e-01
-1.172478337077247801e+00
-2.411777254306230134e+00
1.211836389065982234e-01
2.096967363051274624e+00
-3.218576687112811863e-01
1.932360246609584331e-01
-7.235719727746015018e-01
-9.185019614840228552e-02
1.156866445135225518e+00
5.770248290238428890e-01
1.379292445115857912e+00
2.890529582374760764e+00
1.340895135680507888e+00
2.569369982848248135e+00
1.413887191770165863e+00
-8.576760742844302676e-01
1.685486638716537033e+00
-6.042885878826842472e-01
1.557498629682487312e+00
-3.162346618880267357e-01
1.882534709916248161e-01
-2.392053986643818408e+00
8.007581554162476190e-01
6.985935538887894092e-01
-1.248875959045000705e+00
1.349267344471382968e+00
2.753857303503259302e-01
-4.184040805746656044e-01
-7.390410475220903219e-01
2.610531659203243482e-01
-5.736844801320355458e-01
3.253800406755837926e+00
1.005781152669974698e+00
1.022806803556384425e+00
-4.130771579496170798e-01
1.160104332904965618e+00
-8.844945383140380146e-01
3.086296848889812372e-01
-8.396755675720748435e-01
1.868287431860657488e+00
1.559544479365597258e+00
1.069549759660510579e+00
2.322644170472093483e-01
1.259569918516596498e+00
-1.497760429607776667e+00
1.221469092400186529e+00
-2.001600706651463835e+00
1.285722665373593143e+00
1.539189152028086038e+00
4.922962898291985967e-01
-1.121795068619415137e+00
1.705031695515628387e+00
-2.954034123744065932e-01
-7.285588263158874200e-01
-1.060837658267789196e+00
2.329471837518102717e+00
-1.427394618373821977e+00
-1.361854305183114677e+00
5.753962400246217523e-01
-5.111976467969984311e-02
-1.239944459722380543e+00
-1.550637477811239728e+00
-8.000656024213760320e-01
5.737204098081656323e-01
1.719633142903539857e+00
8.992019449927119989e-01
-1.903943720707004905e+00
3.754267082741542527e-01
-2.591460758760163685e+00
6.184771426547046591e-01
6.710811537390555248e-01
1.850896571366560828e+00
-2.769952714963760387e-01
-6.572974953903998330e-01
6.541581365094727429e-01
1.799228357837610481e+00
-3.196344882638393337e+00
-9.761744790655306758e-01
1.187575192393820256e+00
3.242677731268036601e-01
1.097660154018581302e+00
-3.982949057617656274e-01
-6.725789168644263905e-01
6.356403483376747987e-01
2.286271062922797248e-01
1.455748419468890331e+00
2.233464278118797164e-01
-9.143833191117647918e-02
1.888005434675382954e+00
8.143946321314901038e-01
-8.339478300280775969e-01
-3.467276893797300863e-01
-1.151702337083927663e+00
1.247344111718051263e+00
8.055758574547056128e-01
3.962295224932816939e-01
-4.008245263161575589e-01
1.775257311299336171e+00
-1.206923273622191761e+00
-1.327148235262715081e+00
1.214405516608781044e+00
2.726747764031992594e-01
1.870824869155345294e-01
-6.142442927226448024e-01
4.698280044944425082e-01
2.270820168040603715e+00
-2.548900193420078342e-02
-9.102586358959852131e-01
-1.686999592070713483e+00
-8.767088789479754452e-02
-1.252113246384979561e+00
8.716523351139593423e-03
7.596430810092070773e-01
5.643550734028582871e-01
9.191672433398474507e-01
1.065279229973438824e+00
1.107167176731167491e-01
-4.119380156874874466e-02
-2.435300717805814585e+00
9.726553396491752768e-01
-8.204977954001643203e-01
-1.123325185727914732e+00
-2.642112816231950156e-01
1.374760162597334912e+00
1.774875370323708568e+00
1.143591628217351719e+00
-1.420616421737410096e-01
-5.845519218717921683e-01
1.760841536486361658e+00
1.237705665386683807e+00
4.714845543354051483e-01
4.781477757844211363e-01
-3.090608354522908496e-01
1.505679492948441833e-01
-4.484247229701603388e-01
-5.158394516037348998e-01
-6.153444102913881997e-01
9.776796131402993861e-01
9.319289593607260613e-01
3.754631123942231419e-01
1.393622907988948167e+00
-1.621537663814969443e+00
2.519346265228656345e-01
8.324891020358393678e-01
-1.754073893431454589e+00
1.226203528441181412e+00
2.559523194177214300e+00
4.676983467049435905e-01
7.227892232480734869e-01
1.232225423449024415e+00
-1.906044673252131449e+00
1.126190412643592875e+00
6.912525723680708056e-01
-6.765443418696451827e-01
2.787557239361823314e+00
-7.769427459965121407e-01
4.683808646515490448e-01
2.564799725392903795e+00
-6.386317485469932276e-01
5.363556447633414104e-01
-5.518227267472153308e-01
4.262212703832138350e-01
1.440458430366080345e+00
-1.935287996620886020e+00
-1.257209127423758899e+00
8.516376967188450386e-01
2.887846088018052315e-01
-1.759752505659373689e+00
-3.968593007793774774e-02
7.367521562112210043e-02
8.355275596953244399e-01
5.163692190967344997e-01
1.676513358550499877e+00
1.615583822356021049e+00
2.065486882786865763e+00
9.383974857856929308e-01
9.498752933415044453e-01
-1.707938332928038982e-01
-1.732289963005119171e-01
-4.761051677346684330e-01
-7.088810823514706261e-01
-1.240588332925158799e+00
-3.306751431697351751e-01
-5.160455585146371815e-01
-4.637874204838713377e-01
-4.634386885732796335e-01
1.816318429361712283e+00
3.790802850759313891e-01
-7.374047326531799618e-01
-1.865974221151578627e+00
-1.706137361617635184e+00
4.281268282841528827e-01
-1.387313586890035477e+00
8.610325041347408614e-01
-1.206746992381778627e-01
-1.324799723046135691e+00
3.477218541139925900e-01
4.393739873681351549e-02
1.899587598122794319e+00
-6.376012082130875225e-01
4.617710518068860459e-01
-8.039931828781843315e-01
-7.910018547429429336e-01
-7.831024491889806427e-01
-1.706042894685900313e+00
-8.375031593994619605e-01
-5.189805639327380593e-01
-2.910337376907706775e-02
-2.471813243767525314e+00
1.255862458850879326e-01
-3.910331162074062727e-01
-5.480609886342182602e-01
3.114334528432273763e-01
-1.058386500967373189e-02
-8.902292624577013980e-01
2.166052190619460305e+00
1.425484395579287078e+00
1.661335953789138120e+00
-1.230421301260317568e+00
-6.206798114214058248e-01
1.068605563050797347e+00
1.507366696524267136e+00
-1.298751789995708172e+00
3.816613249124578555e-02
-2.180982755310718058e-01
-1.024079014976257973e+00
7.536182796916129911e-01
1.430661025749103477e+00
-2.135004410765040106e+00
-8.001652476137550707e-01
1.776817579043610262e+00
-2.060671123287819428e-01
9.965231783475136940e-01
-3.895457526573413154e-01
-1.261976224711796934e+00
-8.444214479401157547e-01
2.100559639119694844e-01
1.190633790683976123e+00
1.751144937604572904e-01
2.350970105098104668e-02
-5.476152271710055253e-02
1.090449051061950780e-01
3.428859809358852928e-02
5.684335233493471584e-01
1.333398937992075206e-01
3.562596319417953850e-01
1.264718023624608279e+00
-6.819461302613988307e-01
3.876454110799023578e-01
-7.900983097628999641e-02
-3.522443551891868418e-01
6.762908143079968681e-01
1.005581412032219513e+00
-6.238028340886566658e-01
-1.996360958933192986e+00
-1.061506345531253448e+00
-6.140413397830131181e-01
-4.912845937187274581e-01
-6.062521412617851713e-01
2.731889346054819923e-01
-4.033403759731498672e-01
9.793971603731119746e-01
1.440651958740311045e+00
-4.694171490197662777e-01
1.260421023443219379e+00
6.142142110130118793e-01
-4.885420699186187043e-01
1.893788150411498172e+00
-4.724133381579436186e-01
9.981465704995080568e-01
-8.622342386958991023e-01
1.041503724109925866e+00
-7.126240038095825735e-01
-2.063272376022337595e-02
-1.258235128829435778e-01
-3.242202596416697835e-01
-9.006083686922852216e-01
1.335169234922670922e+00
-1.817127723199621903e-01
6.235809792271680418e-01
1.289452539006339604e+00
-3.990902534486168163e-01
3.216517309559958626e-01
-2.818288584278630382e-01
8.541935302372467564e-01
-1.300087726469111971e+00
-7.098230775984553098e-01
-2.008928056948913188e+00
6.691175946172179811e-01
1.021985005043205774e+00
-1.609555499296100756e+00
2.587891338077965564e-01
7.252992954749057364e-02
-3.953973911775957584e-01
-1.374075183835095304e+00
4.276413534499968749e-01
2.211481955706899427e+00
8.452222061924201668e-01
-2.596611476778696859e-01
1.231022604365598516e+00
8.715719419034869686e-01
1.999180312121038083e+00
-2.687564890366866965e-02
-1.447185605645516571e+00
-1.355149138546954957e-01
3.570970938534954175e-01
4.725568872124462638e-01
-6.606504741561589622e-01
2.329802266774576580e-01
-1.287594296165830210e+00
-3.718792662479504241e-01
-7.304994497685073362e-01
2.169898839787333111e-01
-2.591991413531548050e-01
9.526196993884152864e-01
-1.998937763776360010e-01
9.583336852673913775e-01
-1.553668908236453872e+00
8.450855420327882950e-01
5.160413429092689519e-01
8.577268868092233767e-01
-6.869938411933063094e-01
-9.498732115700745382e-01
2.306895839463215803e-01
2.109648826440746916e+00
-2.722115089108993469e-01
7.208225497402863668e-01
7.562636371426001425e-01
-6.668464996251870502e-01
-5.309844761735262875e-01
-1.391334855805328008e+00
2.962541404339318341e-01
2.008144890893829082e+00
1.362037088866573153e+00
1.177673150054821649e+00
-1.597341547741001566e+00
-3.781616053157171864e-02
5.853277430427737960e-01
1.518010659551570329e+00
3.768412221202129819e-01
-7.538370019180673509e-03
4.725330146427913491e-01
-1.424201197972978061e+00
-7.558056828248093106e-01
-3.669082952467849212e-01
-4.425010830315623256e-01
-4.961104968462809461e-01
-5.627677979041677547e-01
1.685003126473437529e+00
6.660142568499918259e-01
-1.524131587290193934e+00
-1.620220481922572731e+00
7.358963347051451498e-01
1.949976133634194531e+00
-1.628071850223049288e-01
2.193323040353130526e+00
-3.401207824027274729e-02
-8.561253976305005509e-01
-9.637984858664614407e-01
-1.046904754131900428e-01
1.523862585907781453e-01
-1.451941043140789755e-01
-2.588069748034624307e-01
-2.446681813604709710e+00
-6.575413170526679396e-01
-2.281755707495409791e-01
-3.104178713558507496e-01
-1.631588840765976656e+00
-8.871142751843552610e-02
-1.128888028510959263e+00
-2.650960061188215811e+00
-2.489556976772833163e-01
5.360115541447230125e-02
-2.039122250199007169e+00
1.546306254741524056e+00
2.281094479336831071e+00
-9.556368728014144054e-01
-1.011425317377181443e+00
-4.710375819646299145e-01
-1.616594763696793668e+00
1.369043732229170418e+00
1.287628645795349525e-01
-6.211058159390471234e-01
-2.159489755584562687e+00
1.195888886000095130e+00
-9.041846162961582056e-01
-1.679930205532768950e+00
-1.168781834963168675e+00
8.756744135166236731e-01
-2.163639168120373490e+00
1.747187197668449654e+00
-9.113814540465181580e-02
1.461730228385426988e+00
2.136117738262546251e-01
-3.322200447773401843e-01
-9.290577027526780718e-01
1.083290640046149500e-01
1.465211495194284508e+00
1.218491949885017522e+00
-9.359504949791510597e-01
4.534127674547087650e-01
1.251995632097744782e+00
1.435665654967573257e+00
1.123104949014610332e+00
-3.606539104750972946e+00
1.033214813448259939e+00
9.024175657708344289e-02
2.093752171713106625e-01
-5.755362189977744070e-01
1.713464328597440245e+00
-2.591554861613143412e-01
1.364442157464144767e+00
3.059215744383933178e+00
-3.949382290175107446e-01
1.180684034611614308e+00
-1.250386084351780003e+00
8.409545968747650369e-01
-6.508382593016884821e-01
1.258657450633333674e+00
-3.090147606370725608e-01
2.087209728601828296e+00
4.595630888814671300e-01
3.682532480210889414e-01
6.609796371933013281e-01
5.206184286225473690e-02
1.437408563258492755e+00
-5.355786021692239274e-01
9.977911430619570421e-01
-8.214408818108576149e-01
-4.341384726368291425e-01
3.298571950162919819e+00
4.433599648777528657e-01
-1.118975141852390998e+00
8.474417239065878960e-01
9.353871437278378220e-01
-1.958353411374484043e+00
5.777795145292763390e-02
-1.729241820486532522e+00
-1.082846962436180283e-01
1.544501130773859865e-01
-2.311888233041134444e-01
1.249908002576276767e+00
6.506984165425566680e-01
2.321337042342627721e-01
-1.076546968982011743e+00
2.129045304635808655e+00
1.582444334830416799e-01
4.292182323387694343e-02
3.657122589889032493e-01
5.657740928211082432e-01
1.459847051439793875e+00
-1.057514467858878149e+00
1.443624506784471906e-01
1.431456427871958370e+00
-2.997159839788703373e+00
1.173954764351764490e+00
5.953924383176414370e-01
2.215196784330009105e-01
-1.873791322015773586e+00
5.667377945716219889e-01
1.707475750159053174e-01
8.258010003600163573e-02
-2.503792495601637746e+00
-1.864585054885532500e-01
1.247138567674199283e+00
4.658679131854791544e-01
5.379273224051226432e-01
4.841964361872418965e-01
-2.782804992184463866e-01
-4.523253316996438400e-01
-3.712827670403975322e-01
-1.298502781115277838e+00
-6.168921268351373888e-02
-1.564694518230514753e+00
1.563037128394284769e+00
-1.169122713212839448e+00
-1.607219137369257478e+00
-4.535991081937627012e-01
-1.022342611285518954e+00
-9.292518303232029098e-01
2.060045194624502973e-01
2.681460758912257880e+00
2.092463906557052167e-01
2.871903936004515101e-01
-1.089449449747024179e+00
7.336450874370327169e-01
1.719407364391174919e+00
1.767393894851276848e-01
-1.308651422987048285e+00
7.744056437750312938e-02
7.782308201673526771e-01
-1.826532102373672473e+00
2.654325153814039773e+00
-7.946256904074568972e-01
-1.621520796968339839e+00
1.006039237680103282e+00
-9.742258212979086895e-01
1.219876314614903645e+00
7.011338103002001665e-01
-7.083987274632216335e-01
5.507328797640057561e-01
9.685815068062987310e-01
1.748276773329555112e-01
9.734426984981656705e-01
1.524094691392106515e+00
-1.767978256645820867e+00
-1.531800366229573440e-01
3.797527170270618146e-01
2.466684132167525689e+00
8.646434104318196923e-01
-5.222060437762670038e-01
1.740281078878264331e+00
-2.152328522584740167e+00
-3.342922174734703211e-01
9.425215453350520578e-01
6.150570863075549566e-01
1.351885907129360076e+00
9.590960291676244864e-01
4.474995319859926823e-01
-1.348613008937859625e+00
-4.002618621052134729e-01
2.451716685876672130e+00
-9.711804908648988821e-01
1.461458489492160062e-01
2.348643024030828919e+00
-8.188867192844360154e-01
1.288533966064817182e+00
1.616584814387852065e+00
-1.317606845621944078e+00
-1.772225443557913893e+00
-6.235830013284132667e-01
1.268404738974642898e+00
1.467107249755788878e+00
-2.508673945646652914e+00
-2.323490436204125764e+00
-4.806063628307377655e-03
1.093925053376635814e+00
-9.667085378947420926e-03
-2.432604525512199745e-01
1.894622620761600151e-01
-1.544810593717593772e+00
1.957449873955309450e+00
-4.208036276569887546e-01
1.029178464117141090e+00
-1.175238859341073638e+00
3.814731110143528836e-01
3.435282561760554243e-01
-8.584566139593345913e-01
7.884847154181040541e-01
4.084525962514025110e-01
3.521539535565584300e-01
1.021104982098032021e+00
-3.995605324553653248e-01
5.500178949858436361e-03
-1.435930075276343754e+00
-1.270785965003940809e+00
1.748904297639040761e+00
3.173237283950627874e-01
-2.045576824504313773e-01
4.720039470372493495e-01
9.776617373423119872e-01
-4.019663143386825732e-01
-1.784021740440598913e+00
8.255970722952102880e-01
1.357890511312494830e+00
-1.635167016870717971e+00
5.003361480574545217e-01
-1.297455838345009660e+00
-1.689271513800412405e+00
-1.665692659409268694e+00
-3.147002596582530565e+00
-2.198823319054048486e-01
-1.053800864742366006e+00
6.064452614991449053e-01
-1.047545042609745902e+00
8.130490328686961199e-01
4.895497062084079865e-01
-1.387457167463987506e+00
-3.932310292158114340e-01
1.794344995358815309e-02
-1.514714602130650123e-01
-8.186059140036270332e-01
2.018322793877165289e+00
-6.316865081791758763e-02
-4.579667075784392694e-01
-2.135951330486761002e+00
-1.196027307358652481e-01
-9.086227995806195334e-01
1.879791520571391761e+00
-3.332907606636668074e-01
1.604238536427895045e+00
1.042197160308072856e+00
5.557922043011944702e-01
-7.693797890275366758e-01
-1.867494648400112256e+00
-2.724582822001959670e-01
-1.136858375171971858e+00
2.077800726162754685e+00
-9.726178630423876204e-02
1.162229801939767881e+00
-1.884689234112375322e+00
-8.666643884355365035e-01
-6.214122371842815129e-01
-2.439676283209390562e+00
-5.092798666668335583e-01
-1.395274125900431983e+00
-5.765011452398780545e-01
-9.952971607992252556e-01
3.051533429077182280e-01
1.680494526403263578e+00
1.703329539801909487e+00
2.969638394101691281e-01
-7.001211602565160508e-01
-4.695576094001363554e-02
-1.013470382713776985e-01
-9.511401272094444082e-02
1.622046616264759544e-01
6.662386938702180572e-01
7.284058154955899145e-01
1.684763389970624248e+00
2.022802507423671514e+00
-1.786216175678445595e-02
1.059880290399017211e+00
3.181268530339318445e-01
8.552417054432654986e-01
-2.974252126583705746e-01
-1.713036258036670922e-02
-9.763505162186310316e-02
3.071470779434762877e-01
-9.052407879977211191e-01
-5.052722534187592540e-02
-1.215454226652930902e+00
1.007548191652701819e+00
2.515145649655802229e-01
8.245445648502358615e-01
-1.269901842451032659e+00
-2.295871868080404665e-01
-7.181759150705462336e-01
-4.935130995339942483e-01
2.557063289521426697e+00
2.882989659683248274e-01
-2.047909239346294541e+00
3.848266354383733656e-04
-1.465679190247048957e+00
1.613522053871772499e+00
4.332752884816764571e-01
-1.918047236870552841e-01
7.836629238929564423e-01
-2.296763492525699668e+00
2.889656485493548921e+00
1.277793731427246726e+00
1.362701526154397325e-01
1.169808228676155748e+00
1.489273200230621930e+00
1.713043316438270791e+00
3.337968796033782271e-01
-2.545644272669685293e+00
7.722889744280436730e-02
5.702053477781867663e-01
-2.160910149952921522e+00
1.255497952067553991e+00
5.315254609212589632e-01
1.047009914056231672e-01
-9.947605187191974618e-01
-2.135835067878970150e+00
-1.468912620319638318e+00
8.132683610989868139e-01
9.693193742834585458e-02
-1.221614007365533050e+00
-1.856723842077363740e+00
-2.661296522300156675e-01
6.815389149984639738e-01
-2.146735504719314847e-01
8.686417890961295463e-02
3.774614236510084320e-01
-2.877868106086365896e-01
7.009691148256538273e-01
-1.115318545596095251e-01
-9.122500236811217356e-01
-1.407354847482250149e+00
1.177419860020973985e+00
3.089575425315362889e-01
-8.979328119566192257e-01
-6.619617096638115150e-01
1.020498791484387935e+00
1.628978031923931535e+00
-1.694803879907032185e+00
-1.487218677638623143e+00
6.273384956807082080e-01
1.533199621876693231e+00
1.682456099899722224e+00
6.321780403548217242e-01
5.163950122989391378e-01
9.642598455219705267e-01
1.134479310588229151e+00
-6.312882334800178352e-01
8.114200615074168565e-01
-6.192864088205735085e-01
4.296734870709084664e-01
-1.854412915207252155e+00
-1.031093034663916885e+00
4.734383523084576550e-01
1.632516512608250814e+00
2.398652813741972423e-01
1.311160413135054270e+00
-7.443163468299818231e-03
3.867346279409644705e-01
7.465606755437337316e-02
-9.751378051724526319e-01
-1.766254304588491530e-01
-1.045365676266960087e+00
1.055064717948565933e+00
5.753331841061745111e-01
-5.866367725798413701e-01
-8.032619816961382719e-01
-4.170127142921595809e-01
7.802664546794956246e-01
7.870178609567040073e-01
-1.109171111858088477e+00
6.393928344196959657e-01
-7.723192624475966328e-01
6.642759062475609433e-01
1.019694721945080040e+00
1.895703799530887412e+00
-1.364596910930880203e+00
1.434869767087776804e+00
1.076794415662197135e+00
-4.191378152181792771e-01
6.835668665987275627e-01
-8.980482212754556937e-01
2.649130278104245839e+00
6.746032515291309206e-01
5.344415054576674429e-01
-3.453606204320509576e-01
-1.875387754922602568e+00
1.001941634805815884e+00
-1.104230050182962941e+00
1.715896408626724989e+00
1.375090999912268241e+00
-4.484839705537064791e-01
-1.278778235317364453e+00
-1.648380266854591880e-03
7.385091448095958411e-01
-6.551526923051023132e-01
2.077810608359075939e+00
-4.567920902125735538e-01
9.657720859689475912e-01
2.388991327111552820e+00
1.680277169498205714e+00
-9.388853612105685364e-01
5.231926153481154529e-01
5.867020258797511767e-02
1.194058258463674305e+00
-5.733469406435454108e-01
1.123816974165599669e+00
4.496752420002613770e-01
-1.185290550264717968e+00
-2.244030074524692719e-01
1.671163254426175193e+00
-1.679102290349420379e+00
4.998118108476149457e-01
4.180232366735442406e-01
-1.203307722438731464e-01
2.035693970621716531e+00
8.165870928240910320e-01
-5.742638498414465165e-01
2.465330264062176813e+00
1.855977375960588205e+00
9.627323970350820659e-01
8.523511159994369146e-01
-1.325346582121590844e+00
-1.971295345327373494e-01
-2.016479565107642258e-01
2.143195006602929276e-01
7.893590273199559970e-01
2.350988054796065096e+00
1.123373152521053298e+00
9.573174286936547706e-02
4.070324313431444851e-01
7.580913713157793055e-01
2.071332875796783046e-01
9.950699043881878758e-01
-1.520681120756957050e-01
-1.871066410631762267e+00
-3.307075971988092666e-01
5.853422069648692716e-01
-1.498233148795647285e+00
2.329290682585979377e-01
-1.490241554965157977e+00
-1.112708352747024065e+00
3.007864966366040060e-01
6.030315849702808650e-01
1.665138195394880949e+00
-1.364149688310258290e-01
-9.247373819704618469e-01
-1.163214539641003409e+00
2.378674710734583475e-01
2.156576682392562727e+00
3.906704263648090869e-01
-2.206730038003398953e+00
-3.778381859502836226e-01
-5.888750279283994082e-02
-1.030284268697368333e+00
-1.187333416019488386e+00
-2.004724295792583710e-01
5.288161699730568044e-01
-8.916796521199559233e-01
-5.577744797464627702e-01
1.806496986318255171e+00
8.668848695012923988e-01
1.870800948859250301e+00
-8.983856226249136157e-01
1.251029771829375470e+00
-1.382686227790032918e+00
1.120807318039063194e-01
1.047467223930668712e-01
7.033200212270606100e-01
-3.403017312446867670e-01
-3.777650742445491927e-01
4.087185887689803732e-03
1.025749831639294785e+00
-5.901097332488767222e-01
-1.156231048385535143e+00
-1.292226093448988200e-01
-1.908605789438761136e+00
-4.772522025606548146e-01
-3.715855284168272377e-01
9.185532296148157805e-01
-1.077973078555058528e+00
2.101220255145835880e-01
1.699945618232845179e+00
7.921428985538429002e-01
1.104733474400139137e+00
-2.491535152858031399e+00
8.831945386039996571e-02
2.005125781681302399e+00
9.389910632384493860e-01
-1.286781369566500022e+00
-1.311973180893989399e-01
5.007352550297405891e-01
3.543048272168789481e-01
-2.173786052387219059e-01
9.533617127177745898e-02
2.005558162197382810e-01
7.953696330349525612e-01
-1.292827931099351124e+00
-1.119502520720145888e-01
-3.495857894739868854e-01
7.975889016663265108e-02
5.993625261248152203e-01
4.922069707696192786e-01
1.193885144554407640e+00
-9.863098498951325954e-01
7.474076431020224565e-01
-1.140872280520330406e+00
4.319485089573027459e+00
4.940084525835488627e-01
-1.102820288880904664e+00
-7.863753517074230093e-01
4.549578431289360569e-01
2.034993412220583053e+00
2.132681710139213038e+00
-1.162539557871742346e+00
-6.465842262467644819e-01
2.390054235675482808e+00
-2.529670093094460448e-02
3.275200278214596139e-03
-1.402888787194970455e+00
-1.053744747599651532e+00
4.176916632367193016e-01
2.098022861906067016e-01
-4.514300459661357845e-02
4.848943154683512113e-01
-7.711204311069386197e-01
-5.915303169994552412e-01
5.614282751492977175e-01
-4.269370655940190051e-01
-1.064547635891353927e+00
-5.424394370445614344e-01
5.530561532923391477e-01
-2.122105210680583554e+00
7.742765764690784369e-02
2.724852595115132003e-01
-9.882273636941596440e-01
7.502018596885631219e-01
-1.454187575710796931e+00
4.288637078529157209e-01
-1.728382134053550345e+00
-8.548802352930513493e-01
2.788839298562268421e-01
-1.989540626542994017e+00
1.805223302979921396e+00
-9.995518735903308194e-01
9.571011149706963872e-01
-5.902830795211839732e-01
6.732703067660170682e-01
9.011196595506454354e-02
1.297631445834516617e+00
4.181331675752962829e-01
-8.101493669581892876e-01
-9.778026964724053638e-01
1.489154513208986730e-01
1.280081786157260648e+00
-8.137802043077257963e-01
6.348704393495023801e-01
1.124439181177564251e+00
-5.260138571802932539e-01
-1.107739556115792112e+00
1.467726114193615983e+00
1.803506840209825324e+00
-4.124881463720242447e-02
3.966776381846494615e-01
-6.254140819996019118e-01
-8.475589290685670019e-02
7.326331255011080401e-01
-2.140424110575538830e+00
2.476213355500785696e+00
-6.647072257724867539e-01
