6.281942501064128326e-01
3.185814046591368687e-01
-7.281445802601101969e-01
1.375191037131956451e+00
-2.282945391509496602e-01
1.087011207066859164e+00
1.341041502838924426e+00
9.481072082219201835e-01
1.034097889241506696e+00
6.707503190996481068e-01
1.239198300382196027e+00
8.652585758897801682e-01
2.549342841065346921e+00
-8.104015034408231788e-01
-9.116364778084791176e-01
-7.703817261926333426e-01
-1.201416711210484323e+00
-7.230253540250874966e-01
2.873194429259580129e-01
6.013266519492458384e-01
-7.206675539662305008e-01
3.672243564020395423e-01
-3.275550344524994495e-01
-2.836364181564249298e-01
-5.132628898189619537e-01
-1.812033312879134828e+00
1.939166759434874043e+00
-2.856306643816416968e-01
-3.288050793703689578e-01
2.854371172272743840e-01
-1.100788436937165216e+00
1.628510692153690265e+00
1.814908253693455098e+00
1.291553354312776625e+00
1.145481088701775896e+00
-5.920049780374428416e-02
-1.098918593895034101e+00
-7.108221519945976397e-01
-4.048283760771810291e-01
1.807409285289962586e-01
-1.455978935011375874e+00
-1.321246606611347074e+00
-3.848590288784793367e-01
2.557140205728927196e-01
-8.925964108222720350e-01
7.362168289489970929e-01
-1.480106214229117478e+00
5.327951396743082491e-01
-1.864258381664652298e+00
1.375426102549683227e+00
1.580791899339048845e+00
-1.636655423278680299e+00
8.653544407235793656e-01
-1.018870075849551471e+00
6.937795853817929626e-01
-1.333552939903610568e+00
-6.396036472531618777e-01
2.648487705717016194e+00
-1.298073905225434199e-01
-7.033655053447782635e-01
-4.717531693304233276e-02
-1.649990554653951058e+00
6.567889898233219004e-01
-1.406411873230238196e+00
2.054310976419205126e+00
-6.532911482983343454e-01
-1.706026457713882394e+00
1.334892972621363194e-01
-2.437462743227898798e+00
6.894102515167586098e-01
6.124253375123606125e-02
1.593306995683956728e+00
-3.901405100779246071e-01
2.159746274873869665e-01
3.152884621642046969e-01
-1.902015634354268236e+00
-9.360967458663642660e-01
-2.556539866563498631e-01
1.358366138495192166e+00
-5.012652914407242921e-01
-1.718240248241797996e-02
1.930409738069127634e-02
2.678985905361728648e+00
7.977467786038379138e-01
-1.004243741006062507e+00
6.656602672794945108e-02
2.962273595846870444e-02
1.113434069514688263e-01
-1.393109743576466775e+00
5.873038835320618656e-01
-7.033719438021368564e-02
-1.109787169757771030e+00
6.340283327786697676e-01
8.182044984165152135e-01
1.151131681041600130e+00
-6.942492337004100289e-01
4.957579831796468106e-01
1.273363717342722579e-01
-2.535646287800041310e-01
1.367395171272202115e+00
-1.453987032387679124e-01
1.622087957571347605e-01
1.047573633831769158e+00
-5.188716573231365592e-01
1.537666697634172186e+00
3.926302766051431581e-02
9.778960195793284793e-01
-1.870491191279287424e+00
1.247792629639509432e+00
-1.135015759745351405e+00
-2.412721626257025020e-02
-2.960415151941866996e-01
-9.453979142119099954e-01
-3.274863687336121432e-02
8.812138774684530329e-02
-2.983274136508418106e-01
-1.275199065578126678e+00
-3.588212272716607698e-01
2.943355063365571400e-03
-1.170429280532470528e+00
-5.642497537970752042e-01
-9.153516372471042217e-01
1.882631244293530015e-01
-9.614099407599262515e-01
-2.050072034492763873e+00
1.180867664562796460e+00
-1.268050556753196334e+00
-1.548149187290314588e+00
-9.032661978865439423e-01
7.121678987409462147e-01
-1.482828688664367789e+00
-7.431134691476275478e-01
-2.963695967513151786e+00
-4.913246715231114337e-01
-1.367375385553369682e+00
-1.272563878090293699e-02
-1.148903074195045892e+00
-2.037396893918078433e+00
-1.904013406709096135e+00
1.731725708377941819e+00
1.538298539393143649e+00
5.758160356535712010e-01
-3.230323972821106171e+00
1.118800028059376839e+00
-1.466914389183435308e+00
2.952461747021549177e-01
-5.766688723663895288e-01
7.163360796531914598e-02
-1.793918921095320584e+00
-1.004364683321187002e+00
1.814545949311111017e-02
8.653174400746568296e-01
-1.869567660170430579e-01
1.519948457496546057e+00
-7.170357876211064241e-03
8.100910566112291544e-01
-2.487062935006057462e-01
-9.243289996210833914e-01
3.774620927798082448e-01
-1.461683229975426768e-01
1.519382633511664915e+00
-1.275986086021185351e+00
-4.243742561738027552e-01
1.119877166582465611e+00
9.365629337901228979e-01
-3.345987755635980720e-01
1.115119083127631860e+00
-3.207663019139702643e-01
-1.477262046747147339e+00
-9.674664767269907095e-01
3.899086958720337504e-01
3.841623334738057949e-01
1.214132771906317743e-02
4.936685658485349126e-01
-7.483489195709719377e-01
-1.058739142212291595e+00
2.239445814768116438e+00
-8.656063711287748097e-02
2.146614672736660623e+00
-1.003889133968973946e+00
-1.531391564175906828e+00
-2.531782302388907446e-01
9.666784209205592227e-02
2.764425690964672500e-01
-6.944995709773155168e-01
-8.945351095891016513e-01
-6.959496885123628296e-02
8.663202347146736759e-02
1.101343704804074619e+00
-6.662094482842124687e-01
6.599044953226868016e-01
-2.058372076265252204e+00
5.973135470973112149e-01
-1.929212500152993615e-01
6.793154131880898561e-01
-5.823759048430254825e-01
7.367600165063435957e-01
-1.302971442651393419e+00
5.920024738707552192e-02
-2.343326540303110939e+00
4.407758864270652222e-01
2.846195294645716967e-01
-1.201340707544984676e+00
7.845824808387662497e-01
-9.547089910393646850e-01
-1.619824983287051490e-01
-1.440003014812780147e-01
4.754352999106353228e-01
-1.183696532566779203e+00
1.818814492182703191e-01
-1.791552068406006226e+00
4.701937601989369941e-01
1.473306128750848654e-01
-4.592623242105852155e-01
1.025080221655561008e+00
-1.109709440598781516e+00
-1.412328226420064059e+00
-1.372363965885242010e+00
7.482213377097609586e-01
-3.568135811454131723e-01
2.315488415346489415e-02
7.484369157278329965e-01
8.259749142676038325e-01
-2.126737184732948593e-01
-2.253373785994397416e+00
-1.023698241193589986e+00
2.137306853454592759e-01
-2.615071982109995474e-01
-1.690036473792801086e+00
1.335067095765041678e+00
1.512025100240876663e+00
-1.330248808214261835e+00
1.913426789437196573e+00
1.108127889585811987e+00
-8.347518723404956376e-02
-1.056397739879048614e-01
8.553043766808443582e-02
-2.110035725105441906e-01
-1.247163038883928099e+00
-4.874049660859786082e-01
-3.499379570318632560e-01
9.692335295406009354e-01
4.259366596717188980e-01
-7.338998856662717341e-01
-2.738092447050254563e+00
1.632396890726118599e+00
-1.373541192028725710e+00
4.473624565624136906e-01
3.782531049243637034e-01
1.363465024895232691e+00
1.452769936178942345e+00
2.816695642777472530e-01
-6.869225577231818924e-02
-1.382241069243140608e+00
-4.552938257196148530e-01
-3.173605909698569150e-01
2.546744493990315550e-01
2.896222580046758921e-01
-1.106149057540413816e+00
-1.295953837183226431e+00
-6.933272614395384892e-01
-7.989969469652558054e-02
-4.998539495194300741e-01
4.417793942384057315e-01
-1.253257325223777474e-01
5.526674174428765074e-01
1.464145490785993431e+00
-3.581260129515128066e-01
-8.759251080585039873e-01
3.045595204776956888e-01
6.577315582281471062e-01
9.601172186601742986e-01
1.744365593698387062e-01
-1.971271756940254249e+00
-7.085383157202772564e-01
3.713181144798525790e-01
1.508347317123585940e+00
-3.487410456995801433e-01
9.722831985244109188e-01
-2.149952372398721501e+00
-7.844176353202922947e-01
1.391252598738694335e+00
1.617738844016372468e+00
6.424705770246774694e-02
2.204286086609173356e+00
1.536292087414635743e-01
3.116965698109169125e+00
-1.406343251694433416e+00
1.467504336646308083e+00
-8.713950746559835370e-01
1.531131384069137180e+00
-8.100242344897641278e-01
-1.837408075918707029e+00
7.651020687529030972e-02
1.233621120249474234e+00
1.470587249041378941e+00
1.237992743778694615e+00
2.029453134772318812e-03
-1.071232314657822426e+00
-4.273701424184397357e-01
7.136658239284031646e-01
1.789338388230056642e+00
-6.742779437424397670e-01
-1.749540829633553951e+00
-9.388072685991781796e-01
2.819084411631034293e-01
1.267276476132055407e-01
-7.305912255276686418e-04
8.527945016669647993e-01
-5.221635566979219156e-01
5.642317224781987495e-01
-1.307393672010736640e+00
6.710056946821149615e-02
4.103415827717517006e-01
6.740434183469303786e-01
-8.595690561871316415e-01
-7.180620983178251926e-01
-4.753793465222643788e-01
-1.326081743963128279e+00
7.222420275384834332e-01
-1.067598420963913330e-01
-1.634501860833332820e+00
-3.400231086864252683e-01
-9.988207889583083920e-01
1.793717956908847944e+00
1.596245418321113441e+00
-2.344630929489036619e-01
-1.124263365139172910e+00
-1.280747923836210056e+00
-1.100431373133461954e-01
1.713889944510036845e+00
-7.790180106185304876e-01
-7.215579684022220830e-01
-5.317863972984512300e-01
-1.697737311372450764e+00
1.699907390255746220e+00
5.884216166240989754e-01
-1.276315845903711388e+00
3.481368022920653393e-01
-3.178905156682994004e-01
1.581405043313669490e-01
8.074760738317341424e-01
-2.477543655261357447e+00
-1.911326819939492605e+00
-4.461931201100051148e-01
-4.657212847280931545e-01
1.330797541684997309e+00
-8.017826658238190740e-01
2.130475912017542495e+00
-1.456139733195263464e+00
2.006933573449928510e+00
1.719730100595187494e+00
4.733488406002841486e-01
-6.193822452450628013e-01
3.570245314835520656e-01
-2.444546118190152884e-01
1.521603362559873496e-01
1.350913074259984192e+00
-2.721523744286342250e+00
-1.160507083596097555e+00
1.792145920866851538e+00
-5.838368798438706708e-01
-1.100769363776204601e+00
1.314069156627935442e+00
2.668467912290546362e-01
1.514662630926551845e+00
5.996012911213367547e-01
-6.223753645041701921e-01
-2.143212505023885495e+00
-8.752422165109081664e-01
1.024641029415701121e+00
-1.842249567615915629e+00
-2.900122284453865440e+00
1.349763839419201750e+00
-1.718753980666553716e+00
2.229477935773744868e+00
-1.015112387735833677e+00
-1.090794103142872062e+00
-6.006658273785742130e-02
3.313201121834666307e-01
-6.216469207889261384e-01
-7.384552403285455924e-01
7.811792932625083452e-02
2.967088602078441495e-01
-6.648384800951607776e-01
-9.989124769202585297e-01
4.845966084385004424e-01
-1.627505391418775926e-01
-3.746351142817379021e-01
7.538080735657517462e-01
-1.408656684032588480e+00
-7.862038240868374217e-01
9.901915559832508151e-01
-1.824176683831624790e-01
1.201841236080211983e+00
1.207829278728362321e-01
-4.543794714128329693e-03
4.552114704498914088e-01
-8.611954587018711971e-01
1.554817157803056960e+00
2.575492514985095127e+00
-1.080657967629424121e+00
4.138971667076950522e-01
1.640454612415373492e-01
2.004157485153147622e+00
5.453688847885160840e-01
-3.800507730629712477e-02
8.060459036441004477e-01
-4.043244412532629450e-01
-2.622250366903344787e-01
-4.727354724218000293e-01
-6.750962312379331642e-01
1.663511927917272981e+00
7.049968862434430328e-01
-8.255917771559410090e-01
5.440272322233818958e-01
1.431038975496007337e+00
-3.534580612186926096e-01
-6.866682016138703215e-02
-1.025312488157713364e+00
-1.063981993920968261e+00
-1.352275899523081470e+00
1.298628240606943818e+00
3.029520704693511313e-01
-1.633978579351376359e+00
-4.586370440482987476e-01
6.195791190055870423e-01
1.043022550879635135e+00
-3.728263611603009897e-01
8.088541738352652555e-01
1.511188487937448421e+00
1.199668860956286220e+00
-1.437775486449357931e+00
1.106946602588582129e-01
8.083055924328335085e-01
3.488830730932908075e-01
2.147059369032826570e-01
-8.597293285786605788e-01
-7.190406576879464495e-01
1.100937929759055356e+00
8.395949428205997656e-01
1.206079037376421415e+00
8.107745090995627235e-01
1.424844815008087240e-01
1.094934920849744087e+00
9.993856031992992550e-02
-1.222266385669818822e+00
-1.340834383131153329e+00
-1.588834528018214343e+00
-1.018053544065002480e+00
-2.960992479247693820e-01
-2.743263669164455187e-01
6.950250385149765453e-01
4.789336752692759935e-01
1.353426676570900211e+00
-2.987451607272513243e+00
1.943181395678174495e+00
1.226128996406102012e-01
-2.573070942871094946e+00
1.503715010116266626e-01
1.168957147852511369e+00
-2.940159879586712321e-01
-7.137186966175657066e-01
-8.257724302449667153e-01
-8.566866388890983508e-01
1.729628240464524680e+00
-2.541027213108166816e-01
9.234760790401093100e-01
-1.906665238940559726e-01
-2.057324051754661376e+00
-1.029919046329676124e+00
-2.197003339343761574e-01
-9.989907119577152717e-01
3.049875359303399591e+00
-5.568830180499513283e-01
-8.484649551967322623e-01
2.712978688733608812e-01
-8.189300316508920652e-01
8.424419051434812733e-01
-1.057100349740776490e+00
3.265692840775756833e-01
-9.009564700294072637e-01
-7.025013917498612592e-02
1.476636273357083695e-01
6.718988614714169749e-01
1.974315870661345618e-01
1.575141087738269663e+00
-1.317567959754839091e+00
-6.859834296922520114e-01
2.907248017615375324e-01
4.161065957567666729e-01
-7.474949476034187246e-01
-7.256406086011571999e-01
2.583961015725237953e+00
2.436150207182352645e-03
-1.014571329764957230e-02
-1.500554795405970587e+00
-8.927798049647025502e-01
8.104559002325961714e-02
-1.911462224236231577e+00
2.097464731166273744e+00
2.359269817850653261e+00
-1.672933921284627479e+00
-2.015589781477519882e+00
1.169923848788100018e-01
2.019445107909747961e+00
1.174398661894238582e+00
-5.150801956188311159e-01
-1.451514809351037050e+00
1.131762165001589882e+00
-2.007949126223770087e+00
-1.318470328031858596e+00
-7.171173535829475920e-01
5.544539811420559072e-01
-1.696188819357861810e+00
-1.291613742384677410e+00
7.314046161904812493e-01
-7.466740644833130824e-01
1.278171026918100806e+00
2.239178271644557849e+00
1.095871159543943651e+00
-1.988593716425488822e-01
-1.872346094775033443e+00
-5.252003124615479690e-01
5.630530818177590380e-01
-1.130795617236830530e+00
-2.356142566549215278e-01
-5.081495679463099435e-01
8.465060271736806197e-01
1.567549665676312987e-01
4.060610312262308286e-01
-4.446269336328201316e-02
7.547802167041756105e-01
-6.763311790919322997e-01
8.118094549218065614e-01
2.171046158294031247e+00
-1.778000756644723124e-01
7.525485476295342702e-01
-4.298457081461514173e-01
3.892867229409500696e-01
5.893869071927237968e-01
1.728140109581123962e+00
1.134050876895914772e+00
-1.397221782928480316e+00
-1.594443630481482965e-01
1.911717863659826988e-01
-9.259897432334138756e-01
-3.010220652971598021e-01
4.402442103928815298e-01
3.226380986714494359e-01
-1.783076290350451343e+00
-1.851044583559515067e+00
-2.096595962122592915e+00
-3.210386939906250348e+00
-1.437883229477426861e-02
-1.487584538670060352e+00
1.877075029958566343e+00
-5.730176467263372597e-01
-5.668816545824370001e-01
-1.375610573697290118e+00
1.003234064882482457e+00
-1.354210878370456506e+00
8.215959714848146689e-01
-1.564428483504311407e+00
1.917432183381302835e+00
2.202769909876491461e+00
2.437812799214165160e+00
-1.023969657973129888e+00
1.781459332294204279e+00
8.665419368544445833e-01
-9.490860219194795222e-02
-6.127863530375630141e-01
-3.273352147687275115e-01
2.772111342560544256e-01
-4.963131505371167762e-01
-2.203601768159967333e-01
-6.686023839599786189e-01
-3.788596157194700220e-01
5.972434300509675831e-01
9.110931483735321690e-01
9.949896723414171085e-01
-2.270634807814349010e+00
-1.729025088921744224e+00
-1.829188558339666648e-01
1.330326170528443930e+00
-6.613193212645201990e-01
-2.901381964646421174e-01
7.555524978039167561e-01
3.569438896485584989e-01
-1.028181351323234516e+00
8.457916467817787609e-01
2.617267199748324336e-01
-1.096732768386166290e+00
-3.568501740162806080e-01
-6.869964807073598578e-01
-2.296279620356482809e+00
1.707570112184592648e-01
3.438196530246639959e-01
-2.216135092592790290e+00
-6.687556999491883758e-01
-1.137589152068787302e+00
3.854486031561380477e-01
-3.254284063449675024e-01
2.896462274796738345e-01
-1.028695889180600176e+00
4.460974745185639634e-01
5.874246646141301209e-01
-2.780913339646238214e+00
-3.471257474233659934e-01
2.232280897350698456e+00
-2.002101429460178217e+00
1.773269787492615546e+00
-1.212127875231140406e+00
2.035326762392807964e+00
-3.666793897338386232e-01
-4.660651795652954732e-01
5.732716525406247321e-01
1.515034981582747409e-01
2.036971415969542898e-01
1.297589918512431773e-02
-1.009723609099811847e+00
1.846667998193477711e+00
2.793770721426813153e-01
-1.176489560668558365e+00
-1.305245052313005472e+00
-5.596561050281141370e-01
1.424944100857784779e+00
-7.166001053692754308e-01
3.061368010686991714e-01
-8.416185351573322038e-01
1.895039524357179817e+00
-1.520423475557995285e+00
5.842497164757490813e-01
1.081557919127799305e+00
2.877636778756642033e-01
7.161758652434933037e-01
7.212824048568974300e-01
3.106690360004998874e-01
-6.742864111338444655e-01
7.061724638182516056e-01
-1.829924733725377117e-02
-1.482434833860467593e-01
1.368448604431719673e+00
-2.743719383575718429e-01
1.006144593538661702e+00
-1.121262795380768340e+00
2.670754378603930057e-01
1.717399748140658433e+00
9.573696456032247948e-01
3.309907453165329416e-01
2.257268222061306950e+00
6.434793634639341953e-01
1.768746208916656792e+00
1.331885087391022626e+00
-7.145395575330664162e-01
9.384644489995523919e-01
-1.520138427593473063e+00
7.797743794065714606e-01
-9.758232471715344580e-02
-3.061448841893001926e-01
4.186704659388332805e-01
-6.721853699068168486e-02
1.469653071366135766e+00
1.043015174862955696e+00
-1.288820622531861471e+00
9.002471453535827450e-01
-4.322143607824199263e-01
2.049780427069648470e-01
1.108461127117890799e+00
-4.260238337435191536e-01
-2.261346141967367496e-01
1.717187154453785336e+00
-1.819785512207473088e+00
-2.290555726394662428e-01
9.366325323487907362e-01
-7.586589942794553787e-01
7.431557813722755590e-02
6.713523718573194410e-01
-1.008546175319869231e+00
-1.030018926598840645e+00
3.344106128126907995e-01
-1.081383555867585500e+00
-8.223796745828066967e-01
1.183035663673710491e+00
1.066509200132593982e+00
-1.303914653024441206e+00
-2.028757780991460979e+00
-3.600375647020918057e-01
3.692401571468237886e-01
2.085130306585938897e-01
-1.084286256888539746e-01
7.267070929738426166e-01
2.949374576505786605e-01
-7.830442775868828864e-01
1.008018788552659389e-02
2.211344018089297148e+00
3.973098024587437549e-01
-2.798133107663877683e-01
6.833123829142867534e-01
8.765550976603313504e-01
2.448170957271425419e+00
1.071772763742951495e+00
2.159422344578446618e-01
-1.905967372107161273e+00
1.701526432690082524e-01
-1.649617078967530848e+00
1.004400649161033332e+00
1.623743972452204309e-01
2.333966762347011947e+00
2.088090547259918439e-01
-6.038671980179195486e-01
4.146654970458072409e-01
1.381238484418006340e+00
1.651328325904659611e+00
-1.330987437674590712e+00
1.120868420292423506e+00
1.276227795492881789e+00
2.936135588824642095e-01
3.327795755179944748e-01
-9.225261576562939769e-01
3.796761557181834723e-01
-1.416544856742135705e-01
2.852582001017153424e+00
-1.025390926845624495e+00
-3.277778233536775554e-01
-1.526299921353728495e+00
1.975877610552111197e+00
-9.978041345087411695e-01
-2.340664448377385576e-01
6.669001926173567796e-01
-9.250226404238146571e-01
6.428091160950391014e-01
3.324761692766968757e-01
-3.701579853801701958e+00
-7.598474147318597938e-01
1.120324701771412412e+00
-7.861883042086552642e-01
1.523358873622644882e+00
-1.407789805761971769e+00
-7.584962927947995759e-01
-1.032067902662044956e+00
-1.200592119536141089e+00
-9.722888380445682266e-01
-6.520263687400147390e-01
1.401614511397729634e+00
5.617232185978913162e-01
-1.982390570960596232e+00
4.126514479226298882e+00
2.388170732983323497e-01
-7.869660952901365025e-01
9.697093977490776062e-01
-6.601675926347310153e-01
1.869946219430731471e-01
-5.096962363696840859e-01
-1.089203386552866748e+00
-2.307600342048243824e-02
5.748707059965714183e-01
1.185965901558337254e+00
5.243824956662126446e-01
-1.036736421167925304e+00
-9.178480151392244268e-01
-5.838078158089428094e-01
-2.072548089876542488e+00
8.125922988186113916e-01
-1.397453532327619374e+00
-2.144902658234404402e-01
-1.960339328111816215e+00
1.092911174072373148e+00
5.663245897619277880e-01
-4.637415891890203090e-01
-6.239799791986266886e-02
-1.552121251457403428e+00
3.990321854038829108e-01
1.488894218052859486e+00
-4.894723792999898793e-01
-4.236747304450568796e-01
2.052390813358762056e+00
-5.172321495757807863e-01
-1.737451640515510931e+00
-9.185614623350699670e-01
9.318612841438322913e-02
1.170185177946972965e+00
4.678882175225980156e-01
-3.407951401241342992e+00
-8.293075375431807617e-01
3.064333225615984979e-01
7.096604980677996277e-01
2.057671600415354185e-01
-4.003999600200677023e+00
-1.140488804415790813e+00
-2.109103755551728909e+00
-5.378729928999231857e-01
-1.092777461382973492e+00
-1.421622580536372027e+00
1.745625887952330757e+00
-3.663619487813997710e-01
-2.269421468031269207e+00
-2.894790127346837938e-01
-1.463563727402405146e+00
1.244632693008353996e+00
-3.368109928601517034e-01
-2.553729932546557002e+00
-5.107364343124394246e-01
-2.138331757698876401e-01
1.658598239344268421e+00
3.953161210096752809e-01
2.817956034406969845e-01
-2.509780003453633945e+00
-5.300895149031826792e-01
4.307149988438948585e-01
5.983048094521201676e-01
1.876118350264008305e-02
-3.281396955931535686e+00
3.879563618094518107e-01
1.914663337635836626e+00
3.803995669330046958e-01
-4.981282853692842183e-01
2.063132273602502065e-01
8.171874673429300184e-01
-4.296821231714398337e-02
9.058259364494286592e-01
5.374730036376813569e-01
-9.564697481264187173e-01
-7.663202379948019782e-01
-4.313524014815588448e-01
-1.512334326122393158e+00
1.193778293866416318e+00
-1.470553274634416319e+00
-1.053756755367174502e-01
4.035017629758833602e-01
-1.570032007378773242e+00
2.875831430225421759e+00
5.150386652242606722e-01
-2.254162606688312032e+00
-1.039321854738640472e+00
-6.737834004560998569e-01
-3.898687004095697795e-01
1.280627929892345529e+00
6.684648325270892144e-01
2.344076289734468688e+00
4.769567498611353429e-01
-1.445469377023810731e+00
6.172903302433813133e-01
-3.831035839753804684e-01
1.461710389406738031e+00
-5.735261610759733175e-01
1.374951658870190219e+00
1.105063162258983933e+00
-2.613210475816774014e-02
4.644199937639603704e-01
-2.542165104278665488e+00
-7.012610370861817044e-01
-4.344526993893101929e-01
-1.774783909209593391e+00
-4.701411275527742628e-01
-1.614659028935243823e+00
6.133651093032091994e-01
6.593546086950994312e-01
3.093802787700568047e-01
6.395636738553458489e-01
9.240366698241432308e-01
-4.448463005438183515e-01
1.806496849306092334e-01
6.480919371524840322e-03
-2.234178007867829052e+00
-5.935794612144298377e-01
-1.090331445411388822e-01
2.337396173492891194e+00
1.780747265484408537e+00
-2.001263502376905201e+00
2.893260913389587019e-01
7.174510175951479551e-01
-2.691270771914472615e+00
-5.676573393985573368e-01
1.083880536953399032e+00
-3.953923595741070107e-01
2.134461399500444667e-01
-8.626256019913648432e-01
1.277098835630713580e+00
1.681146912678532113e+00
1.826095170827934933e+00
5.019430685622252586e-01
-1.592161174673071833e-01
1.603832545597341230e+00
3.108644347435719490e-01
-7.084624951634952428e-01
1.091308235828358786e+00
1.302708438916690525e+00
-6.696497769332119265e-01
-7.623135605040720630e-01
-1.137083483868423173e+00
1.985218066740670917e+00
-4.818289588996373385e-01
-1.871597035282616672e-01
1.251523086611163738e-01
-6.213515331048857782e-01
-2.965287814134309752e+00
9.327327075329538975e-01
-2.120761884713818990e+00
-1.231789747116735168e+00
-1.760134825936000569e-01
-2.200545604106043385e-01
4.562169628217142558e-01
-1.399518731593137610e-01
4.528898480639028667e-01
-6.823988968334088190e-01
1.465289992818088027e+00
-4.609849135087591421e-01
4.162004794738205504e-02
-1.467939763642665207e+00
-1.156908630373972402e+00
-8.216303952956004464e-01
-1.898256340109754969e+00
-1.965892518672171185e+00
-2.629214196881565213e-01
7.178035558813666839e-01
-1.052922235006042151e-01
4.467161615915123951e-01
-5.821775746128146078e-01
-9.809409486081264173e-01
-2.182377048266929132e-01
9.148857090441750994e-01
-2.008320173210176307e-03
8.665453780665849370e-01
-1.046159633506036801e+00
7.780546906975078780e-01
-2.609704121185341119e-02
4.643507692219956962e-01
1.623187471522872904e+00
1.501566189216804459e-01
1.817755384324496681e+00
9.963707325238753132e-01
-7.815731567409329728e-01
-9.628756205341956198e-01
-4.828801774620647413e-01
1.137094321330737179e+00
-5.174961447990902297e-01
-1.273598658874406375e+00
-1.277759791238824771e+00
-1.767226185165077013e+00
1.031051618675407289e+00
-1.379580001798003663e-01
-9.919967752494073254e-01
5.686722232507720465e-01
-1.228182698898211189e+00
-5.311331524365342505e-01
-1.369672818701932027e+00
-1.702300695630497795e+00
1.233037075877020161e+00
1.560265100657292070e+00
1.348578565660888406e+00
6.070985777607564859e-01
2.730689078140907000e+00
-1.521882237836318597e+00
-9.620980343458322981e-01
1.759098352472364901e+00
-8.302627857551114765e-02
-4.475735713151910433e-01
1.484832775410974692e+00
-9.602262338361404748e-01
-6.700899123846232319e-01
4.009847269968376260e-01
5.064564357091405622e-02
-1.176764718718794400e+00
1.562850081332728625e+00
-7.863380236952848268e-01
-3.829512119476458087e-01
6.372733574540806467e-02
9.299565160027842836e-01
-2.092562548333541272e+00
1.938712718589342687e-01
-3.449488047560159698e-01
1.950501823233638188e+00
1.039374492459153032e-01
1.490859714520987866e+00
8.816845914737501122e-01
2.064225622611747468e+00
4.015342244882130762e-02
6.948613789087509929e-01
3.422309619828241001e-01
-1.231469939097538657e-01
9.997994850772479181e-01
9.793432828070980367e-02
-6.026761503463706759e-03
-1.135455232817075055e+00
-8.560757376888015191e-01
7.214125061040939091e-01
-2.324790069374677692e+00
2.942207191446850612e-01
-2.235449458668139044e+00
-1.139120029454971483e+00
1.201004278535853231e-01
7.680389089189241236e-01
-8.319969233269444153e-01
6.855229463815479818e-01
8.764555755619575228e-01
-1.328359389852760142e-01
1.157892038911371824e+00
8.512757943833899610e-01
4.588596876468337138e-01
