-3.234946765475727126e+00
1.781147653906614892e+00
-5.451176704210742852e-01
1.597670616281584355e+00
3.934809441283114717e-01
6.021355236405431244e-01
1.641840882205321428e+00
-5.095886791037986807e-01
2.619073976646998148e+00
9.919359787334656176e-01
1.159043299264791660e+00
1.348449353510441595e+00
3.576782202694539503e-02
-8.968439815999711406e-01
1.338023909923891308e+00
1.259472548090845301e-02
3.686450604729299974e-01
1.212792020818102223e+00
-1.181969727962388084e-01
-1.314249374575606755e-01
2.474174685785680339e+00
1.415551467711964495e+00
-4.101606920683298352e-01
-1.656355920700963713e-01
-1.317576407990498577e+00
2.892563181912188863e-01
1.898348848940350164e+00
-1.261599169956477029e+00
-6.879921503242825143e-02
2.914701476085046039e+00
-3.316679538190310250e-01
-3.577479685368972762e-01
-2.301993240397730567e+00
2.998742370629962073e-01
1.027610988336054021e+00
-1.774921882445983146e+00
2.042253701866048488e+00
-6.019538150106229502e-01
2.268229353889640088e+00
4.327676303160680193e-01
9.017770154215001277e-01
5.560713796857652547e-02
-3.085907521963549005e-01
2.727488236632179763e+00
1.166185726920965671e+00
-1.571055519334788153e+00
-7.308024254378486795e-01
5.884208793877456767e-01
-8.438134711894491602e-01
9.167498448804993760e-01
-1.950927348372009651e-01
5.919483347723055733e-01
6.409826252718042738e-02
8.404916964918233147e-01
-6.759698245523959592e-02
-6.836419251073055925e-01
1.771533567057907099e+00
8.763439884875534602e-01
-9.004920306847652434e-01
-6.512701205875059962e-02
-2.582473742276625295e-01
1.826612159332510199e+00
1.809563880262289759e+00
1.927026017541590086e+00
-1.804779801035895082e-01
5.413956184021667672e-01
5.012996249374954694e-01
1.605251009881957458e+00
3.271106254792701229e+00
1.783628901912146514e+00
1.766467251842253616e-01
4.053344515465336917e-01
7.946330906414849071e-01
6.712102234195738149e-01
8.623507718988570048e-01
3.009141780532059940e+00
1.427419709577088858e+00
-1.481088353359811816e-01
7.214441411175680496e-01
7.198833985136683378e-01
1.262326015652767808e+00
-1.909996161665507008e-01
1.990422675279307052e+00
1.075460867917009233e+00
1.245402256492496695e+00
-2.753498212238671972e-01
2.485007763933760883e-01
-8.410091166393307560e-02
-1.011002053101893949e+00
2.371100370430057502e+00
7.821750625281546077e-01
1.563981603154778188e+00
1.301197187199665262e-02
1.559527798567714063e+00
7.486480230238592437e-01
-4.581002148158449527e-01
8.257488166360626991e-01
-2.552246569691703826e+00
2.767231474032834093e-01
2.160237186692681721e-01
-8.571332989906123023e-01
4.360457573391861574e-01
-1.124849235134625758e+00
-5.108025431818710160e-01
9.876570189969047231e-01
2.265378626149391339e-01
4.891146821726524152e-01
1.039746504352876411e-01
-2.710654238683544159e-01
8.313468393362304365e-01
7.882117938048811556e-01
-2.179493283966600803e+00
-8.990426071107121553e-01
6.706991761562486332e-01
6.053736824066903166e-01
1.586159815087780922e-01
2.158520350679899114e+00
3.055052836683763040e+00
1.753059394436849994e+00
1.492446934427007044e+00
1.227138267925628856e+00
8.628843088060151878e-01
1.937837705944139621e+00
1.970562129458417244e+00
3.524057294772912741e+00
1.898315316174427281e+00
1.814261255565180919e+00
2.251226879938489134e+00
-2.377606383953806968e-01
-1.437783015786481045e+00
2.294483864772805859e+00
2.472082900443217657e-01
3.787611542053421765e-01
6.931228067388128800e-02
1.131194589058692967e+00
7.841583151262441209e-01
1.298268780951744139e+00
3.862133738889412804e-01
8.302936741290520839e-01
-1.426559863140442808e+00
1.332476720205737042e+00
1.616525478695722162e+00
-1.218744553733647873e+00
2.260958734346208976e-01
1.281977239193564211e+00
2.364786485470590005e+00
-6.185813048332795550e-01
-4.913302603686688919e-01
1.814148749984982212e+00
-9.961803745423061240e-01
-2.543336039700472284e-01
-4.656423373770923746e-02
2.309963372448494923e+00
-3.980953488138924690e-01
2.033233811510814171e+00
4.031575994573810551e-01
8.038512202905665482e-01
4.419832136574641801e-01
1.480851366638711530e+00
-1.250327439734809198e+00
8.321543475178501126e-01
-4.246036892397770934e-01
-1.692892065707812810e+00
3.747584560274261456e+00
2.791994878248491130e+00
2.757486680866922946e-01
3.330189226956824289e+00
4.875246128475060337e-01
1.435363795104554141e+00
7.637543662600541072e-01
2.201750177092608673e+00
1.535625811981145672e+00
4.397687825718650245e-01
-1.091976198999310199e+00
-8.603347559963392399e-04
1.360858311019831346e-01
-1.031991760618057086e+00
1.264558422471512067e+00
3.045893859796460212e+00
1.068176093620262890e+00
-1.012684622565779735e+00
1.236408324865264863e+00
1.120566080150897648e-01
1.610894890149126013e-01
3.712294204643829421e+00
-1.711561277791139313e+00
3.182945683989503172e-01
-3.893800358743318424e-01
-1.005868128821030938e+00
1.625676634220348804e+00
2.287032324287128660e+00
1.970005228372070372e-01
-3.132377418720108109e-01
1.613462490773158731e+00
8.001975206675675523e-01
9.422305399735525500e-01
6.563967895003508524e-02
7.812009679521769723e-02
5.837981553479677510e-01
-2.533590688181015516e-01
1.475499619714591759e+00
1.750503733585138999e+00
1.654383978274467371e+00
-7.393075035433889219e-01
7.958460123942523445e-01
-6.477098353957646548e-01
1.854044474385832197e+00
1.459588812201463304e+00
1.375423532816041572e+00
2.415398570380840049e-01
-7.649005681097638121e-01
1.865937409645670453e+00
7.638136585179755578e-02
4.632486575684532926e-01
-1.091651422567232466e+00
-8.299254973226403154e-01
1.336113373665646753e+00
2.093425828503733266e-01
8.744458356170468072e-01
2.776592043789660735e+00
-1.751019476464699132e-02
2.145289980310360001e+00
-3.981547826210645180e-01
-3.394467608953877225e-01
8.854869576089643424e-01
1.468248133257962440e+00
-4.231788229819068992e-01
9.987878086863614113e-01
2.099869766776632396e+00
-2.028190978559495372e-01
-1.658548883997512657e-02
4.130470836900934639e-01
3.134770139626098517e-01
1.520433324360949356e+00
-1.539700036347819712e-01
1.794163074188854790e+00
9.116058589017272951e-02
8.055458790761267363e-01
9.749035162763290963e-01
1.641502324381023614e+00
3.186614665376386046e-02
-8.406710611343073403e-01
-9.940905353467559546e-01
1.717672883410319651e+00
1.475661054059348221e+00
3.065350352999344219e-01
-1.998292013195932970e+00
2.026106579741016933e+00
-9.360844038611639828e-01
1.566395828934986190e+00
2.765603904408496794e-01
1.733900791799403152e-01
4.815696231203431266e-01
2.666902188409060237e+00
1.950944099175062618e+00
-7.292486148389134559e-01
1.281331635781105316e+00
-1.377522132138056410e+00
1.933402595208224994e+00
-2.784440366583963433e-01
-6.180847126767354816e-01
-1.727171280588244651e+00
-1.187098135370999508e+00
3.424372346503870901e+00
7.971578607119198523e-01
-6.685468609309952459e-02
9.205550933413082504e-01
-9.046494698497848930e-01
8.514995946303947072e-01
1.509262847316402034e+00
1.813471666893356371e+00
5.478332337184759204e-01
-4.389729782522211465e-01
-1.424695354681124515e+00
-3.150242117779916695e-01
9.647133284553977006e-01
1.665779739413595362e+00
3.883805244571847393e+00
8.254393363846901366e-02
-5.245479976930673693e-01
1.984611406931364508e+00
1.083829165841177389e+00
-4.774026617000803885e-02
-6.359627751935604811e-01
-1.450332449699312631e+00
2.503495204486120063e+00
6.460302781707645270e-01
6.239890499912137400e-01
-2.037563205489436591e-01
-9.749876101887438029e-01
1.881506990489835607e+00
2.726264209627095036e-01
-2.239947683073689744e-01
4.245226937260563327e-01
1.820366297203785955e+00
1.290475369725602173e-01
7.858189394359234026e-01
-2.387900618569386291e-01
8.323308800101766325e-01
-9.445819414356854127e-02
-1.047666795640095350e+00
-1.082773895129545583e+00
1.233570973247841263e+00
2.452692757856993033e+00
2.900876103367544534e-01
-5.570312322412118711e-01
5.336495536150487329e-02
1.453450129123977419e+00
5.369879745628978185e-01
-7.172291704647759669e-02
4.783193406493857491e-02
1.913270834677852195e+00
1.130765780260292175e+00
2.129327486957706128e-01
-9.211448926831111716e-02
1.240855722421356111e+00
1.145615715661847389e-01
-9.012912785050066766e-01
6.299081582250065647e-01
7.704502362151242068e-01
7.257483753007466509e-01
7.090312455318561469e-01
1.540736047024942490e+00
2.249539114023737518e+00
7.402275868766473588e-01
5.446507888722134094e-01
1.838640420392050112e+00
7.284556613189910879e-01
-8.144780695098698953e-01
3.916559548102593880e-02
5.963614386838833603e-01
1.788039859194972214e+00
3.796644363737904371e-01
-7.280988290171764854e-01
1.773168543099631567e+00
-2.519934420575810630e-01
1.244677764523208552e+00
-8.107213180942060005e-01
2.393779173623935552e-01
1.186773032841083486e+00
1.011868878595850729e+00
3.925586844332657144e+00
1.820034288285212742e+00
2.996832116595916418e+00
3.967449174084293206e-01
1.549523784089150258e+00
-4.324071855770306172e-01
-4.280399609762036706e-01
-1.653091971919588898e+00
-7.036503279348083062e-02
1.294582566282872271e+00
1.459832442431695521e-01
-7.228127867921326777e-01
9.738478853608543151e-01
2.717219296400580353e-01
3.924651121915547769e-01
1.383721704664090169e+00
1.727426179148555008e+00
9.799013263858167289e-01
1.733705951407380264e+00
-1.050255542656957974e+00
-4.472747699473169636e-01
-2.304372516106057978e-01
1.639844308819558005e-01
-2.477831854294970881e+00
-5.644764276312903561e-01
2.210645957636272474e+00
1.949446566430328431e+00
-1.193508471912943403e+00
2.304847104427156346e+00
1.295241796854760929e+00
5.748860810258974441e-01
2.678346894761657548e+00
-1.513135943216078028e+00
2.060424043698769303e+00
-1.089176218121344464e+00
4.109507225817792264e-01
2.656302076302109683e+00
-2.170694980907160065e+00
1.401987060742722058e+00
1.104571980299678957e+00
-1.014698037421947197e+00
1.348950527447138947e+00
2.571242966299270627e+00
7.016224296579054442e-01
1.859444050960861627e+00
-8.662109350710220923e-01
-1.536555738238151170e+00
1.445074962126962959e+00
-2.319625664052429315e-01
-1.343380476189739436e+00
1.354055480803222578e+00
2.137941475070843644e-01
-7.413376303786956001e-02
-1.604704634653052464e+00
-1.332955483062689961e-01
3.276519835586818807e+00
-8.490947160843071995e-01
-7.723301535275197693e-01
2.447994978694610246e+00
-3.615367049357776086e-03
3.592590801324946348e-01
9.721096236796820111e-01
-1.044171466421830896e+00
1.792264684696308841e+00
2.244214305434534928e+00
4.198684196770021693e-01
1.275025741924129541e-02
3.179734408401257983e-02
2.262989149627326890e-01
1.785270891080235955e+00
2.461246082967518678e-01
1.844010933700253929e+00
2.242042597750313782e+00
5.588110308665430459e-01
-8.016238196994291965e-01
-1.020045736284133087e-01
1.469451725566271127e+00
2.018387582460443586e-01
1.116300247902200615e+00
-6.677130765292168535e-01
2.149982975587227951e-01
2.010192262643875960e+00
4.072776753282434381e-01
1.150607215334721545e+00
-5.515796257135654468e-01
-1.369559904872504674e+00
-2.623123934841878335e-01
2.172134191780478729e-01
-6.260459618655327407e-01
1.254402508338610112e+00
1.773477493458526011e+00
2.556738176714455912e-01
7.962208733894595714e-01
2.517813785615097721e+00
1.241623467542219306e+00
-3.895734295579834638e-01
-1.919724546169284896e+00
8.102899963361359648e-01
6.263942379844460451e-01
-2.396623867990713697e-01
1.248290244502182844e+00
-6.148573251460122124e-01
1.235837019796089065e+00
-6.740005720888322394e-01
-5.988536042057907016e-01
2.175724164020403251e+00
-6.697884301542968988e-01
-9.215337158249181648e-03
2.145146006993541299e+00
1.589057283144589938e+00
1.532570378847631032e+00
3.497246287270918685e-01
-9.723647832382553702e-02
9.186069132903798007e-01
8.779830023986421317e-01
7.321112520290511405e-01
-9.767657844306656401e-01
1.501348980261871358e+00
6.798040627993449103e-01
-5.541448837402551675e-02
5.453820525231251048e-01
1.353783080371704139e+00
4.892112848858017338e-01
-1.386556502706513871e+00
-1.618924506251912199e+00
7.003971509950761565e-01
8.861699461891616725e-01
1.288371243390235676e+00
-1.104497539749542678e-01
1.275500496269640571e+00
-1.605379063473462153e-01
-1.400586669935919515e+00
-1.588670583008118475e+00
1.706670520464526053e+00
-1.299951645603620864e+00
1.544212196991261887e+00
2.568860773646024498e-01
8.407500589151573056e-01
-5.119441058827424174e-01
8.151881658556567878e-01
3.785446829048293438e-01
1.350877728114099563e+00
6.410860180974962130e-01
6.591977032691500593e-01
9.608363885489352718e-01
-9.152743702207855048e-01
2.162723560537497924e+00
9.122319003890223543e-01
-2.952984338442693479e-01
-1.918826438377388977e-01
8.096822247423141050e-01
1.106296275120382200e+00
-5.096587808614549964e-01
-1.583004681235522515e-01
1.437936255473124536e+00
2.802568130403038094e-01
1.425500757132033058e+00
-7.138624060855609521e-01
-1.772613201135338823e+00
-2.040116526227699345e-01
8.825704781414278610e-01
2.005014341759814300e+00
1.237316543900597088e+00
-1.476154758642038045e+00
8.401657472244712377e-01
4.055190365417293830e-02
-4.304374982014097517e-01
-1.691117158650450314e+00
1.408381924799011919e+00
-6.039424115862235265e-01
-8.082442989401549260e-01
8.271318264124414288e-01
3.059195421426087691e+00
2.491778525535313094e+00
1.030018272188107931e+00
1.810206022925025415e+00
-5.217682668966738824e-02
4.414370734195550150e-01
-3.791236265329954724e-01
2.042112582297723300e+00
4.149431471330029542e-01
1.481323436325930887e-01
1.326270063852629022e+00
3.874720734039618364e-01
2.802017117812007907e-01
2.018132410616085615e+00
-5.362556445365096458e-02
-2.232517831476268921e-01
-1.260122854969378259e-01
-3.049275692290145390e-01
1.002022015386752507e+00
5.148776509109148636e-02
4.008353257488384003e-02
5.915372927168180972e-01
-2.892151541873533294e-01
-5.824415162638292287e-01
5.505667782010212896e-01
1.040958930866961452e-01
-7.959745887592117874e-01
1.843910277150135668e+00
6.434477980522390617e-01
-2.465724934539081037e+00
3.715792811764875858e-01
1.614082328917645137e+00
-8.690235272151887180e-01
-7.802621648259555620e-01
-6.547077604641919901e-01
4.215043675299041670e-01
3.991372536940251958e-01
5.544179404156992508e-01
-9.245730097815554327e-01
8.004159670459300990e-01
-1.270810679794091902e+00
-1.041449412296666877e+00
1.795230995549875752e+00
-8.770756238906183277e-01
-1.686747579223935034e+00
2.056627447971609790e+00
3.665468647955445469e+00
3.673983627106531813e-01
-2.603373864947420735e+00
1.970570454825263385e+00
7.601919190154992068e-01
-1.091134328039328194e+00
1.879614906744423886e+00
8.891476397108557528e-01
1.024647676069466162e-01
-8.082125325983635644e-01
1.731906044815778589e-01
1.697610224054048267e+00
-1.360547149674968814e-01
8.573453129008268281e-02
3.970378916992239882e-02
-3.232663312886897566e-01
4.856448511113038435e-01
1.307610830628528564e+00
1.171249112619968225e+00
4.256454911273108710e-01
1.193832560889898087e+00
5.209980494866834899e-01
-9.280727399743138317e-01
-1.416399403812971247e-01
-1.241352129361025791e-01
9.117902844363667825e-01
2.096502647078561932e+00
1.740680663482147228e+00
7.040942179638289833e-01
2.802379532918024108e+00
-6.042611491220688524e-01
-1.410922468916616657e-01
8.973508411310506805e-01
1.832021601960656110e+00
2.390746909195728076e+00
6.918213452263928254e-01
2.227663967711169812e-01
-1.211283142123730894e+00
1.801102264775153783e+00
-1.455099895120470110e+00
7.583988112033650530e-01
-9.205557878743604316e-01
1.209444086451588518e+00
9.943060798116669652e-01
9.859210598552734517e-01
1.295361641592792878e+00
1.437442607821139084e+00
1.334663425097863065e+00
-1.010884073535613936e-01
4.234315016997778347e-01
8.693862082081571518e-01
4.773861017483469471e-01
3.005405374952142328e+00
4.491759198476588111e-01
-2.530292711541193285e+00
5.742089022205221216e-01
-4.106129523367136880e-01
2.261264759239695721e+00
-8.164881872843607891e-01
9.564443541469014320e-03
3.979176634131344592e+00
1.514150251732770069e+00
-1.251280891020460695e+00
-1.763564764568089638e-01
-6.498427597916041076e-01
-1.280115688514527728e+00
3.621096051392748150e-01
1.167879130556893630e-01
-6.155360461334600242e-01
8.456995258582372665e-01
-1.187780110295297398e+00
-8.322582458173323205e-01
-1.442633089414891323e+00
8.522830427380937435e-01
-6.154424954437637263e-01
5.560579949466470939e-01
1.216010441525257058e+00
8.617422778584649112e-02
2.524847811868623504e-01
2.545501349354889475e-02
4.583234024782528948e+00
2.414620020324633742e+00
-4.671060066436407698e-01
-8.235601167452621940e-02
6.243042385853303511e-01
-1.158614503805005524e+00
2.282849924740204983e+00
2.684734919955991117e-01
5.999226250339004807e-01
4.384392290877370257e-01
-8.577688216583359004e-01
4.799893797260013084e-01
1.397383814845789107e+00
5.637276788035019415e-01
-1.015712892474923912e+00
-4.390036857998140807e-01
-3.248211891495964565e-01
3.222258980475473322e+00
-6.507229177294087119e-01
5.936644366407164419e-01
1.267476003246720828e-01
8.951794590541455321e-01
4.765223579332004133e-01
2.065514501470932629e+00
2.391361944213379331e-01
-1.032919109041422256e+00
6.927622299976750053e-01
-1.472404780973581406e+00
-1.306883468639936652e-01
7.578081575865914798e-01
4.485191053296168073e-01
3.269589951548890761e-01
3.794861790683667913e-03
-1.203812214016228843e+00
3.588895084121036527e-01
1.627373268186790067e+00
6.616884890969718658e-01
1.861449340618752446e+00
5.966602833925168659e-01
5.548978749559603241e-01
2.656000487461386950e+00
-6.144896480649859605e-01
1.519742146798798599e+00
2.164920360282549971e+00
1.380910807489566516e-01
1.978300868840081383e+00
-5.651577305483458380e-01
-6.981435597163199169e-02
-7.882285968772797524e-01
-1.703691123739883295e-01
-1.313625133890810703e+00
1.590283598058919612e+00
1.604519826629487333e+00
-1.893216909727162500e+00
-1.632691113716979947e+00
1.651931854169222946e+00
9.799091538146671443e-01
7.285334879054716772e-01
1.698736072827873977e+00
1.532118713737042448e+00
1.974757029254545548e+00
5.826525555623857100e-01
1.016286763326172404e-01
9.707665065152744077e-01
-7.689952948617856388e-02
1.386365368113634533e+00
8.356504909959904248e-01
8.980897130189720023e-01
-2.381559878273423747e-01
-2.337292215799576578e+00
1.524918225932440974e+00
3.460105693236085189e-01
-8.566831600163544724e-01
8.106788038664705098e-01
1.762708669179027687e+00
1.075293423484474653e+00
-1.155925841640025542e+00
5.169393839587289596e-01
-2.495503585243054712e+00
3.066853266267242972e+00
1.613604781485248107e+00
-1.185724258591535074e+00
8.503476149482641633e-01
1.198331174208139727e+00
1.656162694819735881e+00
3.378081054146075957e-02
7.942810538024775990e-01
-1.819809867465657538e+00
2.550908873700014068e-01
9.240935835521889574e-01
-1.747077522273177808e+00
-3.707981091811174412e-02
5.333716821955158949e-02
1.270154294641334669e+00
1.816032777491880967e+00
-7.852666274480779585e-03
-5.882079870211107675e-01
-1.453260310900874375e+00
7.875705468723250835e-01
-3.281883608238829186e-01
6.465020777379208994e-01
-5.348481161841465159e-01
-3.924042834103604882e-01
-2.319045956634925854e-01
7.167916514348757762e-01
2.542375629455051467e-02
3.065619126128016347e-01
2.000001201631040004e+00
4.217390674907120496e-01
3.644023106582857663e-01
3.650843664240620345e+00
9.159548268203427934e-01
-8.574826700528735968e-01
5.819226691813881303e-01
4.218652273988483525e-01
2.999147136417408710e+00
1.524484336106966209e+00
1.883569441507615405e-02
8.982211273797108264e-01
1.984427790323357144e+00
-2.450876094701254893e+00
-9.844534213965856484e-01
-5.986866699748349951e-01
2.061046534236087524e+00
-1.338849872502303029e+00
3.245912366434884344e-01
6.263267338717064536e-01
-9.839684582550234371e-02
4.786309892656468445e-01
1.179507522010341702e+00
-5.863718193985619775e-01
2.953440126914799624e+00
1.070876370711857595e+00
-1.572908551126020460e-01
1.256774679818068563e+00
1.878882230904148631e-01
2.354625709567192970e+00
-1.104301533027248983e+00
4.874850122743951131e-01
4.339865531739373061e-02
1.647067153773101644e+00
-1.174478753194143632e-01
2.104683320220170017e+00
-3.292362519103693153e-01
-6.004948738879887227e-01
-3.460429083148144347e-01
2.458836374631290234e+00
3.950058975559143648e-01
1.645883085924751743e+00
1.190054653823572561e+00
1.680019815926811599e+00
-2.165380685213968093e+00
-3.530522359052945536e-01
1.126981031557106716e+00
1.252042170713858926e+00
1.096765752444707420e+00
3.644656891523964326e+00
5.339941217089627656e-02
-6.875547270162474245e-02
3.517133476303359707e+00
1.875648101449281180e+00
3.765384346042970343e-01
2.954968311066117348e-01
1.061591337721274009e+00
-1.255743638576007015e+00
1.384862677386490937e+00
-1.696703158757211227e+00
1.456379206828491757e+00
-1.776615186926255863e-02
-4.973431979623195165e-01
-1.147651546706060843e+00
-1.219827700078275123e+00
1.680772035825453647e+00
1.504032981047664252e+00
-2.039296448649785543e-01
2.095006033258880240e+00
1.236235864202677392e+00
1.873654951647069522e+00
5.334302249049051037e-01
9.136781689824766683e-01
3.994870517682756472e-01
8.274678839595555058e-01
1.180848784943557384e+00
1.706106879535769449e+00
1.016858298489744961e+00
1.120668327425435429e+00
-5.354829769357274394e-01
1.326215581379842856e+00
2.776159468517917506e-01
9.277011511971602342e-01
9.018417800607372303e-01
-1.991371164092681223e+00
7.678629846409132931e-01
4.517223553929611279e-02
2.048421775736781747e+00
-3.016132907575759248e-01
1.824602629947221777e-01
1.163849178554663411e+00
1.174492083632580286e+00
4.499526263345117738e-01
1.432508318270804271e-01
6.304841060039555467e-01
-8.678017047746140467e-01
-2.646690057446071664e-02
2.640883860172270836e+00
9.147296410052091487e-01
1.303019064538740057e+00
4.424571934959963260e-01
1.487788358348054452e+00
1.406736155206095518e+00
-7.012098959755290739e-01
-1.823482063614194626e-01
1.245720741510113250e+00
1.350380375964435942e+00
7.731403861028353086e-01
1.862045548767490510e+00
7.037717041144659902e-01
-1.146876893706971323e+00
-1.324393851236826958e-01
1.243322214749703614e+00
-5.200663856323619605e-01
1.493619593950495483e+00
4.975213218364895607e-01
-8.102516908701116183e-01
-9.096830340666794967e-02
9.851346726767982176e-01
-1.083354971480246398e+00
1.162923114531177582e+00
3.442788481865000083e-01
-9.899932589886140111e-02
1.173800376511690891e+00
2.054028287466792335e+00
1.627741344566927761e+00
-2.962639697183892529e-01
-2.013114728665932884e-01
4.621691923252567724e-01
1.118960872697851716e+00
8.089738947449831574e-02
4.492064907136807950e-01
1.365518353997326573e+00
2.035893151463821660e+00
1.246711711501871545e+00
-2.217947817462444515e-01
-1.033462040735743548e+00
5.624665507891624117e-01
-6.876888165475398829e-01
-3.951528480962768208e-01
7.917019211290465819e-01
1.630214914129228365e+00
2.824017521781119200e-02
2.955398020213609311e-01
2.061494185862629891e+00
-1.644098648796643580e-01
-4.819501374690782214e-02
7.031566730181415537e-02
-4.484261140375402910e-01
2.885626142408109995e+00
1.037102179668099255e+00
-1.459396339060685666e+00
-1.818908619337992194e+00
7.654964488232809394e-01
1.032827172147617878e-01
-2.069238950847831937e+00
-5.985985378037210758e-01
1.529090756872062640e+00
1.204544495889939393e+00
4.472432376000230470e-01
-1.072846322740463432e+00
-8.608409859432497591e-01
1.033754096813425782e+00
1.540579383730601437e-01
2.267370410713246631e+00
9.897254468236376113e-01
7.230913842613517772e-01
6.533531861924803952e-01
1.235078347015588607e+00
3.883271735567073168e-03
1.252547396232974730e+00
-5.578018909230348932e-01
-6.328165174327073927e-01
6.973955294909279790e-01
1.262671118802369374e+00
-3.122431252601712837e-01
5.315442787041879669e-02
1.261554776077196127e+00
6.921057163513240074e-01
1.120140454821827003e+00
1.892030495616543240e+00
2.309826190991037809e-02
9.887290344590156099e-01
6.016915000433069594e-01
5.463336787038941544e-01
1.674169740453278932e+00
5.786241629404325071e-01
6.955913378165182737e-01
-1.348909897486945564e+00
1.870001185813727540e+00
1.127069658165642974e+00
2.471312092075426570e+00
3.391208777002597818e-01
1.227598752127757376e+00
1.572612630722007410e+00
-1.767236499148313600e+00
1.823934149421987838e+00
3.334278155282337508e-01
8.251781766628819570e-01
-7.954697563796426785e-01
8.633970612903902886e-01
1.481837658920743817e+00
7.186521299794217388e-01
2.293246192194449584e+00
9.323365559926164448e-01
3.021155729482022378e-01
-9.383756494623898270e-01
1.189135115426566580e+00
1.941198305097745935e+00
7.297094411767279798e-01
-1.457643637779883150e+00
2.034205434973547000e+00
1.454602680749071286e+00
6.808585579852852732e-01
-5.676172569181201499e-01
2.780307294535709906e-01
3.393722470532916979e+00
-1.522014846097965224e+00
4.978705240917006281e-01
1.068338288276714287e+00
1.868256425123747233e+00
1.417121334912285313e+00
1.123012839774559790e+00
3.989402208515764325e-01
-1.305525571653779471e+00
2.329095359563861045e+00
2.213174430980485941e+00
1.675541868687695501e+00
8.304165710538990997e-01
1.034222397160150742e+00
-1.604352026143976984e-01
7.056769981508819178e-01
2.463431785065647084e+00
1.992349843619135363e+00
-1.872932400060858482e+00
6.714335502339048301e-01
4.595675687412583699e-01
-2.914684983458518452e+00
2.651642347002738376e+00
-8.771027318474575729e-01
3.060792420095095334e-01
-6.268581712865028965e-01
6.982111280577729673e-01
5.989617079856723869e-01
-2.996667717972452682e-01
-5.555725686895311988e-01
-1.738653851172077269e-01
-4.348021152273904288e-01
-4.646748684197781198e-01
-3.285857760817402218e-01
-2.511559170707060140e+00
1.062107978800762131e+00
-1.565132357952878195e+00
4.038321039523784517e-01
