3.443194118425726979e-01
-9.271527898888789476e-01
-2.201459511588326201e+00
5.390573899047932382e-01
-3.826196465200465413e-02
-1.533380696248908714e+00
7.227179303636150909e-01
6.436427667915960438e-01
-9.053272463829276084e-01
5.206366522483540926e-01
4.798432265577288747e-01
6.957320962473088066e-01
1.189943386618730115e+00
-1.318776672280323359e+00
-6.765276023336241895e-01
1.406434758637453486e+00
-9.855070925484227251e-01
2.603900530403605584e-01
-1.357816682860059299e+00
-1.699700928194428862e+00
9.352002095486351418e-01
2.174460187767861541e-01
-3.231798611673668553e-01
5.584366742094466485e-01
3.370696223601560848e-01
2.660669176323426921e-01
-6.593663546386760999e-01
-3.186771417019222064e+00
2.731534405550902989e+00
-3.591660520435342008e+00
8.736295522616617237e-01
-1.195370331642621409e+00
1.818984764917888075e+00
-1.318775298660422202e+00
1.259459505180566263e-01
-1.290561900264061368e+00
2.280839391506816582e+00
7.084367905041746294e-01
-3.504697429659365260e-01
3.420114552793731555e-01
4.261042724613695043e-04
-1.966579002531435139e+00
1.238415346676924544e+00
-1.657069322252371135e+00
-1.223810467556435189e+00
-3.497788626119214261e-01
-3.378263795496497135e+00
-2.077502558240087893e+00
2.817461500366817084e+00
-3.155101316873098138e+00
2.988293326307613462e+00
-9.831994206742322717e-01
1.822904921319385085e+00
-1.848100578275695183e+00
3.282668329133211493e-01
4.693662317118707517e-01
-3.356589295856602817e+00
-5.521861436680770563e-01
-1.675218597913665786e-01
1.423288202761792576e+00
-1.414473865917014184e-01
-2.321172423011511832e+00
8.561758454343120217e-01
9.484388618481578437e-01
-6.506118049794610281e-01
-4.525533349931883942e-01
-9.086742091743473804e-01
-2.766862088303130740e+00
-1.996082295439045584e+00
2.526347597992224525e+00
-3.115149710254088156e-01
2.819235997914302794e-01
1.203690489297715605e+00
-1.388933868543164030e+00
1.219131258988970234e+00
-8.893108881532614252e-01
-1.260265407584637121e+00
-3.563884175671876431e-01
2.100412508545048129e-01
1.913864786302997389e+00
-1.012578100283827220e+00
-1.685680413306568370e-01
-1.907718401113303042e-01
9.266762300497315419e-01
-8.985420549992513273e-01
-6.198057650897093040e-03
1.707161340688387430e+00
-4.828382279025824619e-01
-6.295610875346393520e-01
-1.609738675548180176e+00
7.906102829688557154e-01
1.603522124319904263e+00
8.386827887724874753e-01
-2.639920024197987658e+00
1.707580566631023755e+00
-6.631995723543642196e-01
2.662116774863361179e-01
6.180332861869475281e-01
1.333641571902882461e+00
-1.339995741663811413e-01
-6.424176638669687467e-01
7.448884674894549196e-01
-1.429803926661028068e+00
-1.456795049705494449e+00
-7.825260540964549261e-01
2.007549241878925805e+00
7.836045807089959681e-01
7.328033115147253307e-01
-2.022734333542208773e+00
-9.011144599705307456e-01
-6.375499275265343879e-01
-2.607790066080417635e-01
9.715359105458813982e-01
2.316867911567916494e+00
1.539208153638012666e+00
4.754642747161041960e-02
2.047646236168753076e-01
1.263065441994282390e+00
-3.176534231099181760e-02
-1.881113381230602011e+00
-1.455746758046821521e+00
1.911732809815863132e-01
-2.244963804780343297e-01
-4.184155629879594329e+00
2.979843961248522799e+00
-1.396332641653511342e+00
-1.830429857485028622e+00
-3.589655529867589734e-01
-3.076152338010952336e-01
-2.096890757790238702e+00
-4.183190916591688069e-01
-9.179243212285794762e-01
7.406215155632935865e-01
1.156635400259138136e+00
8.427191323221294716e-01
-8.199175738547263004e-01
-6.093231902749933759e-01
1.558532722214050592e+00
1.420236102993055027e+00
2.746698295387116073e-01
-1.313532673374748327e+00
9.535322167190503073e-01
-2.635761044313660761e+00
-3.113498895319106174e-01
-3.998278234798405273e-01
1.349952982392320089e-01
2.799430791302388588e-01
-8.406517364529821901e-01
8.026581680392159690e-01
4.418852704305633039e-01
1.258222769202589797e+00
-1.144330813796000212e+00
-3.908440396833633423e-01
2.052500170587741035e-01
4.824786854951108594e+00
-3.181434912590403452e-01
-4.183443701871004450e+00
2.166665557409206411e-01
1.692179836811741334e+00
-3.737320701412443213e-01
-1.501116116409344503e+00
-2.781676836422956711e+00
-1.624825689036522913e+00
-5.927781007790042800e-01
-2.337781938057190700e+00
8.107028158654023819e-01
1.115734552189618478e+00
-2.490941231137286938e-01
-1.873282515467192599e+00
4.975674351187744371e-01
4.489341319940829411e-01
-1.922115702416900551e-01
1.065756902353584668e+00
-1.253022543643227404e-01
-2.306135163976721358e+00
1.048671646696463178e+00
-3.516846860172606171e+00
2.258778935127465637e-01
-2.271079401341868920e+00
7.866885203289264439e-04
1.402904667128902494e+00
1.027941060364593762e+00
-3.569212873876024261e-01
-1.723018252964660935e+00
-1.067169728724424838e+00
6.751219552201241925e-01
5.825424813295958515e-01
1.599904281112223270e-01
-1.094318575765496959e+00
-4.134030824879528776e-01
2.704279783110410396e-01
4.819328284684042951e-01
-2.023531671893494810e+00
8.474234704247611827e-01
-1.851239153718740038e-01
6.017655857273800368e-01
-5.425047852310240781e-01
2.638005696797185440e-01
-1.188439686301162368e+00
-1.522585749536437882e+00
1.401037323130097212e+00
-4.942915744043963056e-01
2.605520195230058289e-01
-1.104560487066214458e+00
4.480050221078207828e-02
-2.856238830798756290e+00
-5.271710631938384406e-01
-2.153367836527257939e+00
8.314208392230693079e-02
-2.991552096382588122e-01
1.606406474681849383e+00
-1.053094253454947893e+00
1.781888075652358960e+00
2.662759907079373711e+00
-9.096822554775965131e-01
-3.055157632280472990e-01
3.211748301489997015e+00
-1.333385467615963993e-01
6.072069992398443361e-02
1.361761887439391971e+00
1.298720357852315987e-01
-5.443514824495576665e-01
-1.365284349005057463e+00
-2.032980579151234313e+00
3.557809164692273263e-01
-1.649238011897035561e+00
9.957661178102079624e-01
-4.741674273116083804e-01
-8.594655276332854310e-01
-2.907052611972145151e+00
-3.211590213258774806e-01
-3.003740214169603462e-02
1.531778570235293069e+00
-6.456580274295198318e-01
-2.322708104113513361e-01
-7.386452920126138633e-01
-3.972693461651677360e-02
-3.673670494098206785e-01
1.111645912648271173e+00
9.762189119856770070e-01
3.655220287329002948e-02
1.670238708846123910e+00
-7.503876626496923663e-01
4.342542130772230280e+00
-6.672978546194523464e-01
-1.102711447015144897e+00
-1.845607801236816670e+00
-7.651483751095675689e-01
9.683897868700752642e-02
1.200444516545570717e-01
2.021108263534974192e-01
-5.595356460241562857e-02
-8.785823456665897702e-01
-1.510027664811736114e-02
-1.726427919816701850e+00
-1.397808184084359251e-01
-1.757312577020220257e+00
-4.278672300427088793e-02
-3.657796759505977491e+00
-7.546446995377430467e-01
-3.380870821866754916e+00
2.171112236467653833e-02
-1.681746363380020259e+00
1.142426824356433723e+00
-9.782986633868819837e-01
-2.146405521956508355e+00
3.326298492832684417e-01
4.283406762670649015e-01
2.227314716927142335e-02
-5.704722476602697157e-03
-5.668563125045320561e-01
6.875014370663623531e-01
-3.082689059307378354e+00
-2.092925322169714608e+00
-5.972144055740646884e-01
-5.523364301947368826e-01
1.397961667415088760e+00
4.191085039118576105e-01
-1.244701205501271168e+00
-5.332277012626558399e-01
-2.057628105477268932e+00
-3.775915231739597644e+00
8.753997980321135408e-01
-6.926947164124210854e-01
-1.054134036751443571e+00
5.676481523145454622e-02
-1.338498252335047267e+00
-5.832515076361488582e-02
-2.072233209318464109e+00
-2.353768657901111894e-02
-9.341608058881545329e-02
-1.516144187369559138e-01
-1.389722528206455587e+00
-2.702569578504259162e+00
-3.871980639973929827e-01
-2.275555075934961202e+00
-3.195056262707117067e+00
1.626684560384849432e+00
-2.083910225101492930e-01
-8.540664892016934795e-01
1.528533411434226941e-01
-6.016631414543598400e-01
6.955925877495847676e-01
-1.020848624237811197e-01
-5.309891466096814394e-01
7.951279707604219649e-01
-1.194290584020069934e+00
3.119912617049669379e-02
-1.790129498059151336e+00
-1.111076026083510193e+00
2.426720437771466621e+00
-1.287570788577912184e+00
-1.298337851506940144e+00
-1.357835083570134049e+00
4.754575044042135268e-01
-2.292535094014823138e-01
-2.419576684532122601e-01
-4.517645273093620073e-01
-2.086632441644991509e+00
-5.903536643646976056e-01
-9.660390941916983110e-01
-7.023202528116145871e-02
1.025772939736562916e+00
2.456000210193671762e-01
7.754975116603316510e-01
8.812511814067720550e-01
1.448871886632754902e-01
-1.605078933108025296e+00
-3.214586987993280687e+00
-8.248464839878102417e-01
-1.733548188213848817e+00
8.826247743486554942e-01
-1.302683117478313557e+00
-2.453368876504124607e+00
6.160784595971207089e-01
-7.936098250631755668e-01
6.840876164996327891e-01
2.168949203325154507e+00
1.306431417178199605e-01
-7.286069108291777230e-01
-1.697151954769615001e+00
-3.762683688905774093e-01
-1.406391472568152334e+00
-2.450836309343153996e-01
-1.656410896691500545e+00
-7.059033005975132724e-01
4.902664624127076598e-01
-1.854645576124306583e+00
1.139893946595866181e+00
-4.448342823744172447e-02
5.522898759758660958e-01
-5.990077866098921788e-01
-1.081820811888565714e+00
-1.066299626332289474e+00
2.294530124233054913e+00
5.127273577477413635e-01
-8.516701562602868592e-01
-9.446897434914507397e-01
-4.064684918134360281e-01
-7.723984683720530597e-02
1.838062910937588113e+00
5.226401979611865478e-01
3.705157679200616894e-01
2.055076435417286795e-01
-2.216819845446280635e+00
7.397539208457852844e-01
-2.136817620770004478e+00
-1.341149919184230210e+00
-1.410480360615331774e+00
-2.683625504968617292e+00
-1.514174154893667135e+00
-1.002186786611706015e+00
1.017443953134871126e+00
-9.821215128848688192e-01
-3.586858192072300833e-02
-1.492304827072357565e+00
-8.688739853471361130e-01
1.195801525232883078e+00
-9.866924215238943585e-01
-2.859166027441233382e+00
-8.858284584055886590e-01
-1.270314506266955745e-01
-1.286092881225375795e-02
-1.675023023727242322e+00
5.442742865838707811e-01
-2.637789312517850426e+00
2.048432554480657863e+00
-2.249008146297235555e+00
-1.599563791472162322e+00
2.304149293014724265e+00
-1.388106223339474532e+00
-2.575394303069837854e+00
-8.225447923307265263e-01
3.789045560593751749e-01
2.864777136697878035e-01
1.625866496393486571e+00
-8.344700580233799236e-02
-6.903610170920446709e-01
-6.734559413337966038e-01
-1.079987421835009176e-01
-1.408691546746347667e+00
1.099488801446319108e+00
6.321805196505771995e-01
1.568917374765681938e+00
-5.332118484643795231e-01
-1.152634605086298336e+00
4.582531143391808670e-01
-8.762145539037808906e-01
-1.811317940301588214e+00
-7.595597428090086201e-01
8.651589569906148469e-01
-3.938596336514345042e-01
-1.527286880236061961e+00
-3.883136555331916373e-01
4.693403413612908803e-01
-6.963125948691331057e-01
-1.685731557406487724e+00
-7.746952843591141669e-01
-3.947916848603953532e+00
1.607808298907518418e+00
-1.481116190348679695e-01
1.508183044768441339e-01
8.805355977150961522e-01
1.176765879571766149e+00
-1.014637347105615595e+00
1.053151479976289995e+00
-1.066290274191458609e+00
1.130148277612655905e+00
-3.123560936436619251e+00
-1.499124803424765062e-01
-3.150820386208733392e+00
-1.723688136037955232e-01
-1.569079118887714452e+00
8.313330453737710624e-01
4.862094290629095372e-01
1.098485243791909705e+00
1.549031363898272229e-01
-1.880309891417662582e+00
-1.903862299430918892e+00
-7.523408253960636172e-01
2.576945286567915439e-01
-3.441517904979135789e+00
-2.064093555441798955e+00
-2.821332923505780244e+00
1.406550941180942482e+00
-4.707509117543284827e-01
-2.149457658328754461e-01
-1.441483323215985379e+00
6.856354771977157814e-01
5.718618051969039939e-01
-6.218104845492928856e-01
2.054946106876634815e+00
2.878446093414193108e-01
-1.019779872532751153e+00
-1.916126961214798863e+00
1.110357838289406152e+00
-9.531699860217026643e-01
9.684060004742269800e-01
1.827579918608011944e+00
-1.687699030980895687e+00
-1.202975599439737087e+00
-7.929696700930126685e-01
2.140026097098273739e-01
-8.878850070766113323e-01
-1.069050842501470200e+00
-2.667511956616913871e+00
-5.058230610086023038e-01
6.055547749766250210e-01
9.671727121079125578e-01
7.601358851083057644e-01
-7.614046134201053473e-01
1.784221575209275379e+00
-1.505963207260110126e+00
1.294254208698499164e+00
-4.389994621951460174e-01
-2.078869527815759177e+00
-1.528488914985265401e+00
-2.130867509218782985e+00
-8.654031630888401327e-01
-3.856369395130254119e-01
2.390004358196026857e+00
-1.164802686278452404e+00
3.332398548388909032e-01
-8.303048537499850834e-01
5.776338372447198388e-01
-1.992876629950535827e+00
-1.319287256327695168e+00
4.904934950927910542e-01
-6.856828748939438611e-01
8.522417878878987274e-01
-3.005527495391342452e-01
-1.149512142175843188e+00
1.225796194032242603e-01
-2.938953076006273868e+00
-7.933845869596829470e-01
1.882613148136866310e-01
9.546862394190798184e-01
-2.551582655763685370e+00
-2.764787493692014486e+00
-4.598303673302320260e-01
-9.119854564716576295e-01
2.635708673402041846e-01
1.839735463393131543e+00
7.549526591102462270e-02
1.474586480630200036e+00
-5.795377242817698615e-01
2.316190018116711435e+00
-8.664890637708098087e-01
6.172292324002703889e-01
-5.574092389361684496e-03
-2.750250410372209409e+00
-2.887165828423358782e+00
-4.850533855906577485e-01
2.072759105580966654e+00
-2.798953806330737870e-01
-2.759746850100219251e-01
-4.033247843639207741e-01
-8.551051459056648874e-01
-1.936452726395094803e-01
2.040444743251456305e+00
1.933122484258532170e+00
-2.849718445237285458e+00
-2.511902899974134407e+00
-7.861528055594768638e-02
3.651297806565347859e-01
-1.039020182646148482e+00
4.534163723729500717e-02
1.011740496504939468e+00
-1.643105197153225117e+00
-1.627145316002201136e+00
-3.712237486287843780e-01
6.959635320043557893e-01
1.752427456164680653e+00
1.551380357630002704e+00
1.978243618807854487e-01
-1.626017251756688875e+00
-1.485644420792283205e+00
-2.657164640417913226e+00
-4.504863751201618749e-01
-4.418296233461096456e-01
8.478118714048443749e-02
9.528969607735171543e-02
2.194181670141391649e+00
-4.783773223591492041e-02
2.985910435647141647e-01
2.015040031556541988e-02
-8.923596023849835746e-01
-2.901172971541384538e+00
7.158625645222813638e-01
1.358662967257483478e+00
6.572475726273430130e-01
4.623891177306991285e-01
-7.245940595838478160e-01
1.659997821131234508e+00
-1.964686670977732419e+00
9.118691392933602202e-01
-2.733565127970396524e+00
-1.460164573480417394e+00
-7.040262624340428710e-01
-1.035646172446348157e+00
-1.391663671523453827e+00
3.479058374323128477e-01
1.403459891659628589e-01
-9.985533943066243756e-01
-1.336854931723161055e+00
-6.120907049661679089e-01
-3.348299903952665524e+00
-5.076360097691718920e-01
2.440593530995928351e+00
-2.809733059665822985e+00
1.571983934421996132e+00
-7.812452538928589263e-01
2.697166746276906224e+00
2.201668166947779781e+00
2.102648240320007522e-01
-2.681785438013827516e+00
9.441602133309552336e-01
9.040871854236209870e-02
-2.107583381801762190e+00
-2.431191213253565131e+00
4.628345031258787046e-01
1.491200472866711646e+00
-6.903009391159540264e-01
-3.479010024138953217e+00
2.084492920076534528e+00
-4.919925409545529149e-01
4.746146754507772902e-01
1.753079458435946592e-01
-2.387826026320087003e+00
-8.337003544407525224e-01
-2.424195639513809120e+00
-7.775750537078792712e-01
4.584380193696772632e-01
-4.689560231837268112e-01
-3.022805561827491161e+00
-2.079304411707334488e+00
-7.186597959252392087e-01
-7.391747649844312429e-01
-1.755135139025797875e+00
1.324145406635615974e+00
-3.418536619685794697e-01
3.790683300637196496e-01
-1.749240480356723637e+00
1.241648650247211716e+00
-5.311053991833420973e-01
-1.051372515711517908e+00
-5.073396526892732794e-01
-2.483065781571069941e-02
8.150037955609810147e-01
5.137293076999651653e-01
-9.771909201942485801e-01
-1.117050503333800071e+00
2.320023692759241030e+00
6.559971263297339483e-01
-2.124480978801097208e+00
5.260768069874146580e-01
-8.201837784458603231e-01
-6.119491526262343939e-01
-5.437278438591893748e-01
-3.272252463914019915e-01
5.263347401406381909e-01
-1.942629821912043031e-01
-2.550284820417904053e-01
-1.973523171030256318e+00
-3.557088074449612503e-01
1.137027888079972682e+00
-6.454337693411497101e-01
-2.434009523483042226e-01
-1.377796170880703608e+00
-9.970206027416980143e-01
-5.137885558356536375e-03
-8.424258424197905715e-01
-1.709321248684090300e-01
-5.122630797490480559e-01
-8.071008755529343048e-01
-4.556489364206097736e-01
-9.390208042592366189e-01
-8.820843442118302402e-01
-2.592983346223009522e-01
-1.986718726481290664e+00
3.102157454782960566e-01
-2.079531385015084943e+00
-1.801157153752503293e+00
1.450085593403764417e+00
1.742020090170657287e-01
-9.976947691977192667e-01
2.279837433599358754e-01
-9.518003160125232398e-01
-4.215123028058500587e-01
-2.341311678523355866e+00
-1.197113748559027968e+00
-3.233975329579889535e-01
-2.056369966595967824e+00
1.386172008266973954e+00
-4.790929969029614766e-01
7.118609491362535291e-01
1.645926910232049067e+00
-1.397061883425678053e+00
-2.388067586274537746e+00
1.950988293102039473e+00
1.396599448769273000e+00
-1.401769346172736963e+00
1.570904704257800155e+00
6.508253416623936971e-01
1.410604746263130593e+00
-1.039423964190381966e+00
3.618969342247810861e-01
-2.158101881023332336e+00
-9.039404243105964021e-01
-2.932519635585621454e-01
9.631675357917865998e-01
-3.275339654983560056e-01
-9.416901672757120867e-01
-2.873839394759587051e+00
-1.606475069770657793e+00
1.487901553531026266e+00
2.332577084607841300e+00
2.381130680370417974e-01
-1.936448740504652433e+00
2.594731740017964583e+00
-7.158614137159056146e-01
3.196753129551897832e+00
-1.541081055998384741e+00
-5.556509595771446097e-01
-1.034905143231336755e+00
-1.611232939122291263e+00
-6.765509547841780380e-02
-1.910999531398907214e+00
1.860679962845073199e-01
-2.751795523834055235e-01
9.281773893676323883e-01
-1.320857534201452133e+00
5.848669365062719727e-02
-1.224993354094412679e+00
-8.879829006782412604e-01
-4.405917556658123235e-02
5.669704037214888803e-01
-1.575218219635377892e+00
1.277569959748626305e+00
-3.381962760221015607e-01
-6.363979071190295489e-01
-2.472806023877253789e+00
-8.770719663839477986e-01
2.772485385087067877e-01
-7.561960544722703403e-01
-6.250462427033749435e-01
-3.979014019907207711e-01
-1.255203626185279697e+00
1.514527149546256002e+00
-2.205434379147791724e+00
1.731164153151239504e-01
-1.556215306754172856e+00
-1.920046254585277001e+00
-2.646771160544501900e+00
2.512038602236871032e+00
4.022963616013048860e-01
-2.855661620159566372e-01
2.465152512130539542e+00
-1.177011433549941533e-01
-1.329398983955021762e+00
-2.732906265492848874e+00
-4.872702917503040632e-01
-9.782933776840209150e-01
6.868503632098255096e-01
8.263099317479201122e-01
-3.197957547860897698e+00
-2.595390877304200927e+00
-2.650641644406859232e-01
1.424394823770609886e+00
8.937724458696769680e-01
-2.305601738225260711e+00
6.480391781963221742e-01
8.445378880729657034e-01
-1.394508916050617886e+00
-6.837808927223476552e-02
-4.348413505130310219e-01
-2.242417170662125425e-01
-4.498118909621543482e-01
1.452010151610945377e+00
-1.002157369324908620e-01
-1.134777327184767870e+00
-5.813770877093968892e-01
3.430331226921314314e-01
2.199789290041374024e-01
-4.492560541997816514e-01
1.398749645076531101e+00
-1.682317899395708860e+00
-5.178607000211269407e-01
-2.065139948689915794e-01
-8.876071824208342509e-01
-3.304862107350947653e-02
-1.325897469720391797e+00
-1.668349524969384712e-01
-1.355276502085867474e+00
2.191596100947318382e-02
-3.652003745705501014e-02
1.466073558671212029e-01
1.720345661954128635e+00
1.028657529681190841e+00
1.381839332671639831e+00
-1.847380165781528749e+00
6.900676473572169289e-01
-6.412588080013527092e-01
-3.621692125573727772e+00
2.409273069768389508e-01
-9.177055761007089085e-01
-1.186093391828698884e+00
-2.409942326495076337e+00
2.199580429309422769e+00
8.123451458590433827e-01
2.127320929370186242e+00
-7.302016457904350055e-01
-6.745976034971634672e-01
-2.520339744233850876e+00
-1.216208627982092283e+00
1.136415966747819084e-01
-9.923570855431573801e-01
2.054042516112985162e+00
-8.670319757062806554e-01
7.870497591259753012e-01
-3.033383957492878924e-01
-2.129388882794768012e+00
1.199289478145409316e+00
-5.216754973610977508e-01
-1.916789677338375797e-01
-4.857359011701932183e-01
9.158558153165838878e-01
1.290546287635296219e+00
3.513692705247351000e-02
-5.673663075087183039e-01
-1.102772012865930407e+00
-2.087387898780093121e-01
-1.503026370368592879e+00
-1.371156629609739497e+00
1.954498310531262995e-01
1.021323764044579363e-02
-4.438942034930237757e-01
1.863616388833884585e+00
8.108906036280144614e-02
2.694137346672401012e+00
-1.193228621982039828e+00
7.530330349752807351e-01
-6.211491198331203778e-02
-2.388688905865231416e+00
2.335050730332595137e+00
7.345512473447257662e-01
-1.734939376747296258e+00
-3.066466546766111634e+00
-2.239019252676272664e+00
-3.077792130282587912e+00
6.479914240138986425e-01
2.250459659103747345e-01
-2.221825337697201697e+00
-1.599358180590951584e+00
-1.081924957248099339e-01
-4.282395262499169575e-01
1.038896958998372533e+00
8.432027549290703750e-01
-1.158051482633190243e+00
-1.221859466912278425e-01
4.962066522227559506e-01
1.171801818532392625e+00
-1.467163888040606379e+00
1.316474739582494724e+00
-2.211792554741366601e+00
-4.096372998307151181e-01
1.702903411972042091e+00
-4.882365737054559229e-01
2.115231775236479650e-01
-3.365691916211313028e+00
3.054828789744923334e-02
9.768192146263223741e-01
-5.935641803033853137e-02
1.166653894063305330e-01
2.311037850803399074e-01
-3.538547528375004525e-01
-2.411475407943203031e+00
9.271656991432004613e-01
-1.925328633721542504e-01
-1.250538859851247020e+00
-2.257262193455964017e+00
2.639704940511743980e-01
1.899831120501475512e+00
9.231374383452739529e-01
8.569516787222110077e-01
8.533911602353845272e-01
-1.452522040824696381e-01
-3.490797854956453339e-01
1.258627566382237939e+00
-1.555918881190047620e-01
-2.067546342530076409e+00
-3.341664461310840384e-01
-5.535344290464400130e-03
-1.291869743503555101e+00
1.773280409163612514e+00
5.447798450190581843e-01
-1.135351372749035193e+00
-8.313317718595842898e-01
8.752270473765897396e-01
-2.705606942755908850e+00
-6.244334646633753483e-01
-3.136427500910932142e-01
-7.376363068510556342e-01
1.249130374248456521e+00
-1.357897379214438427e+00
1.753773723185433564e+00
5.733373271766024626e-01
1.643243279896891451e+00
1.236609472987578062e+00
1.518781130763207754e+00
1.384792935123365432e+00
-3.007187212601628801e+00
-9.644251979087522519e-01
-1.447631935700932182e+00
5.750891087236789101e-01
-1.744265586111747868e-01
-1.076231196116064659e+00
4.093216908914772967e-01
-2.136643074242367213e+00
2.797373220877719557e+00
-1.828697237883347038e+00
1.345201685879858999e+00
4.999238860152275810e-01
-2.983318334049508191e+00
-1.057180201815966836e+00
1.811655291500083642e+00
3.497426920343726930e-02
-7.158744065998893236e-01
1.868964474323017821e+00
5.950403992622952387e-01
3.223332618266190330e-01
-6.385424658333178627e-01
7.280634676673880534e-02
2.152413671473026646e+00
1.387381036212774976e+00
1.327018561023400878e+00
2.301802834668909004e+00
-1.858097253647177372e-01
9.110231993966240172e-01
-1.283064048372029253e+00
1.093987840452980809e+00
-4.740322064875757135e-01
-3.275034136879807711e+00
1.576082502243037364e+00
-2.029011170954695853e+00
-1.868061908073705979e-01
2.421712652366047713e+00
2.238582661488802972e-01
-8.857903518003336085e-01
-1.779272988049155346e+00
-2.372007604036547312e-01
-1.075686435078714087e+00
-2.942402151530238985e+00
-3.855355666480525523e-01
-1.365728026953555663e+00
1.852647616445455281e+00
1.896576516348702501e-01
1.618067026274442988e+00
8.398879706984248017e-01
-2.102588573261923166e-01
-4.157211269981436752e-01
-1.971526197166878935e+00
2.027049633369379378e-01
4.711501091699608068e-01
-2.887720542072568009e+00
-4.559786646320305170e-01
-2.954931934735518961e+00
9.718124534517011970e-01
6.645958516814562955e-01
1.296486703977392407e+00
-3.188313074266101665e+00
-5.578463709469948517e-01
-8.206028694611730012e-01
-8.796076629305313865e-01
-1.297539462930068943e+00
1.936224749997439432e+00
5.769666099645718305e-01
7.740360680784166281e-01
-6.440916404473273627e-01
-2.904019806186351360e+00
-1.097630553857157798e+00
1.172109717934725071e+00
2.601962433109121786e-01
2.048110495650084850e+00
-1.273544569882082977e-01
1.712364324712969399e-01
-6.496369547008618017e-02
-5.280903808977559510e-01
-2.982763112476133127e+00
-6.299279832326176720e-01
-3.035725287384347659e-01
1.168439236264211978e+00
-2.827610539513123467e-01
-3.037762447309648284e+00
-2.509644894305806062e+00
2.650274934914455538e-01
-4.520625488985287599e-01
6.688779929001285041e-01
-3.866267267003961727e+00
9.169427028268551938e-01
-6.678575444255137050e-01
-2.489703681825821580e+00
1.222550646112619877e+00
-9.517039583864007612e-01
-1.305264614177512605e+00
1.266703711341790051e+00
9.459717739716805296e-02
6.742441123286704308e-01
-1.261073326217860835e+00
-3.495370083958053264e+00
-9.764247157993204418e-01
-4.220149191458544280e-02
-6.260412524718352856e-01
1.152653261864730938e+00
1.189844346121948337e+00
-2.061307994270852983e+00
1.929847945304012269e+00
5.633241482154162094e-01
-8.313132380364116614e-01
1.385426506160706839e-01
-6.781493753100251709e-01
-3.137572207826613724e+00
-1.638671860241770251e+00
-1.350397346392098852e+00
1.447515619567232514e+00
2.554738047211072782e+00
-2.446876105451037731e+00
-1.303475438222075677e+00
-5.514692485661045751e-01
-1.051985077979453287e+00
4.499648089192320732e-02
-1.332589702358723205e+00
-1.022744611525818748e+00
-3.268120335631277129e-01
-9.936419757397209063e-01
1.587617450293681065e+00
-6.403369075130727062e-01
-2.622376750947376656e-01
-2.895391647583861250e+00
-7.318934942447000713e-01
