6.622438723342184419e-01
1.855956666698519442e-01
5.353967873278043799e-01
1.482329606096108310e-01
-7.524499976860515860e-02
1.741431635969048930e+00
2.718039963086248179e+00
-9.727893522472633725e-01
1.078849885062905134e+00
4.120765673797656681e-01
-4.757216337806755568e-01
4.181446632118274165e-02
6.244603560268628950e-01
1.023937337433029615e+00
-4.325473317273936802e-01
2.334315582704788561e+00
1.454839616103208666e+00
2.553391347040554038e+00
-1.631571975413828257e+00
-1.683116440261455127e+00
-8.681576764022251869e-01
-1.193039771382736480e-01
-8.606395354193456804e-01
8.999706760307302211e-01
8.461304311341244500e-01
-7.826112505959459398e-02
2.045603907745211725e+00
-3.080341989668577973e-02
-1.022737274714245803e+00
8.394772546212805331e-01
2.130304501955698537e+00
1.779438805950960933e+00
4.398374421194526929e-01
-1.264153632644307468e+00
-1.842296619928918355e+00
-3.955948414578569494e-02
1.163121487477561389e-02
-4.062512818954218119e-01
-2.890610538160933274e+00
-1.511362530535569126e+00
-2.223707642600125212e+00
8.159806741666137953e-01
-1.000040041967457993e+00
-1.128959711268363586e+00
1.327943125856255069e+00
-7.702863468434641980e-01
-3.720837821083535779e+00
1.138374784284718721e+00
5.551855065533236600e-01
-2.642396649456695279e+00
3.041784050177271936e-01
-1.555042888189613448e+00
-1.589562980371920897e+00
5.433702788766051617e-01
8.173106278321240481e-02
2.256438490759790083e-01
4.999364727505575257e-01
2.120644849483853123e-01
9.140660768658956936e-01
6.207730379265663512e-02
1.527090704011892175e+00
9.835942871710514623e-01
3.592572578133615968e-01
-1.768519196643048685e+00
-8.546219481301364773e-01
1.315198432135308293e-01
-1.002309816682954935e+00
-2.223986935600941184e+00
-3.169702983447215128e-01
-7.309568461350062218e-01
9.016348521463676269e-01
3.197412004752941406e-01
7.235735849830269295e-01
-1.559759400503035520e+00
-8.908486767284746755e-01
5.993686395355739549e-01
-6.686312576487547510e-01
1.129540391957569723e-01
-4.508994592839953852e-01
9.993852882815321692e-01
8.171311726245473750e-01
-2.538873354250438252e-01
8.288605503183108514e-01
-8.706790333574698781e-01
-2.095576907366575981e+00
-7.593216974403085295e-01
-1.068661139572172125e+00
2.615624622710872593e-01
5.153913746958196374e-01
-1.967167297105777424e-01
-1.702482826183148168e-01
-2.022635309972020679e-01
-2.156792275785884172e+00
-4.133739362308270771e-01
5.804133503655087845e-01
1.147960650985658582e+00
-4.988465404977062145e-01
-3.585060606279810269e+00
-1.653994672936214494e+00
-1.103330207394271012e+00
-7.256243007489020513e-01
-1.951316394617520933e+00
1.455694341370179501e+00
1.253814744361164912e+00
-1.942460432299135897e+00
1.818242084241677103e+00
3.413205773530505471e+00
1.400046896639628002e+00
-1.980493406941784773e+00
2.023162075357616274e+00
2.048920702590745879e+00
1.680310260973768788e+00
-6.097204398865428976e-01
-8.340719586571865296e-02
1.663806966560055223e+00
-3.474249844542066645e-01
2.318635891307010866e+00
-1.533362867387626061e+00
-4.859980306074564993e-01
-6.619278667058772214e-01
4.717749952446558814e-01
7.277415850000917841e-02
2.567890675113206900e+00
-5.772549109014519786e-01
-1.660260396189045862e+00
-1.935017395157313302e+00
2.663768327932839464e-01
-9.499663174157169099e-02
-4.020508185401887147e+00
1.442778978281603064e-01
1.443295979925224959e+00
7.385987192494142262e-01
-5.786373788154652864e-02
-2.182733895744676023e+00
9.684870831374513545e-01
1.599854675667017778e+00
1.886487574125393030e+00
-1.249331832352246874e+00
-5.763842422808403976e-01
-4.844944263117881844e-01
1.914183499361318264e-01
-8.182006260182017598e-02
1.756584603734785421e+00
1.281908165418787826e+00
7.928878480170228338e-01
1.404316192046330070e+00
4.883286740779773094e-01
1.764662674821034560e+00
-2.103488786151988421e+00
4.239094280106789903e-01
1.407406548647702538e+00
-2.735135603001846327e+00
-2.952979928508081553e-01
3.275218588306298528e+00
2.541091153066768804e+00
-1.438914017703664783e+00
4.146388709671133821e-02
-5.229275065529945810e-01
3.115929550991077157e+00
1.117577713441664788e-01
-3.133697973976837803e-01
2.849651952117469023e+00
5.848396773828962170e-01
-5.321789100868346001e-01
-1.388988853207922203e+00
-1.465843206881741079e+00
-7.444465935244873878e-01
2.225778904909484268e+00
-7.285443400487330301e-01
-7.834497394324819730e-01
6.156271295256032783e-01
-6.020915284044636717e-02
-1.473417432592203369e+00
-1.575988316378288401e-01
2.250628599796375973e+00
1.105178950821456674e+00
9.331412195211384875e-01
-2.832530285593058972e-01
2.270416170648155152e-01
2.106971374187644575e+00
3.236062017253937828e-02
2.803016265125906514e+00
1.393720330055227219e+00
2.865920191651327165e-01
2.865581935287514481e-01
-8.611667180964557300e-01
-1.981843405289847038e-01
-2.953679542313067508e+00
1.018096801796068540e+00
-1.552160960485626129e+00
-4.442217644123689357e-01
-8.029321520199117490e-02
4.750545030170864047e-01
-6.650080784347764951e-01
-1.463322021607461387e+00
1.319762613219308989e+00
4.533244568469181335e-01
-8.911923065924366449e-01
-4.791753775517204605e-01
-1.763887872850930183e+00
5.506262401421582187e-01
1.102512385698925401e+00
5.516160117198978252e-01
-7.750135431065411362e-01
1.169973038144050514e+00
1.522627622195565356e-01
2.500854727666134814e+00
-3.878463578139446088e-02
-1.565499058329730575e+00
-1.053258292322255318e+00
-2.429947905423535393e-01
7.353776010029604571e-01
1.640685845318309299e+00
-1.479576899054596772e+00
-5.536463464825295278e-01
-1.392530282624516724e+00
4.005143399314463615e-01
-1.142629107597903371e+00
-2.109649532090453194e-01
-2.571122309110085435e+00
-1.968524377699531147e+00
-1.208643980773890458e+00
-6.477568263323565390e-01
1.395801973360678350e+00
-8.878308397488825499e-01
-2.534543576593000225e+00
1.895959566203806235e+00
-1.374515388679741879e+00
-1.942800337637386798e+00
1.881585951827093206e+00
2.115671055493212105e+00
2.685967191025033785e+00
-3.457324614748905622e-01
1.208549017370722067e+00
-2.186437340299915988e+00
9.115639573818991037e-01
-1.838490454628019855e+00
9.671821916849521195e-01
-1.281565304320684495e+00
4.934412458647827182e-02
1.170238446966670454e-01
1.213558184333316525e+00
-1.181619161050964983e+00
-1.598493061511765179e+00
4.762556048982772294e-01
3.066861101409359969e-02
1.678612554104002230e+00
1.114114334150264618e+00
-1.281294194039408474e+00
-3.635056577815932721e-01
-2.447966084557112731e-01
2.622139744299167852e-02
-1.083780257619314513e+00
1.014432023104529179e+00
1.500989313139758474e+00
1.908052473668899740e+00
1.432554602298831137e-01
1.705532449082754365e+00
5.944422815652794512e-01
1.813212659560806017e+00
1.510626552340036399e-01
5.935119275861651111e-01
-1.968206054448810249e+00
-7.786263808134714637e-01
1.918732147262104171e+00
1.203962744320860034e-01
2.191837912500076424e-01
-6.688761198992199120e-03
6.115737321780513325e-01
-2.538560538665252331e+00
7.114954315561856646e-01
1.013754417677046771e+00
6.399990693913499840e-01
-4.216991419238291794e-01
-1.820770929738307009e+00
-2.249171210378384522e+00
2.732798212218767731e+00
-6.628193640223436489e-01
-1.358742525844451654e+00
-3.242452294055156337e+00
1.830663464080011238e+00
-9.895201317843169697e-01
-1.339906358976902245e+00
-1.681344079845873418e+00
2.296247847378703799e+00
8.966996107953203454e-01
-8.612392520012827068e-01
-1.124364538624574417e+00
-4.181544566459391987e-01
-3.068826483176819941e+00
-2.082405803520687382e+00
-1.493661856544583832e+00
-4.217720496505595662e+00
-5.183224898632106115e-01
1.274065516400383569e+00
7.541886189974007504e-01
1.820737053676880546e+00
-1.078331031529234263e+00
-1.172594208645335312e-01
-2.287881774346911534e-02
-2.373559610359569305e+00
-2.246578525948868865e+00
-1.783312077192556133e+00
-3.831650854769701908e+00
-8.518922485056035221e-01
2.457783295298201054e+00
1.418755116526707161e+00
9.510410306972761907e-01
6.216459484252228052e-01
2.818505504509756232e-01
3.522424923767895066e-01
-6.218967306760829761e-01
-3.438262631783444156e-01
-1.048343451347620858e+00
1.972252421345755513e+00
-1.455608374698195151e-01
-2.222114749626809882e+00
1.037225472293383133e+00
-6.977953677769980212e-01
1.788371509598978948e+00
5.258291177847358444e-01
2.473195113667755685e+00
9.392494547956609097e-01
1.628127509145395280e+00
1.499632699330692542e+00
7.784495350729643270e-01
-4.891976223334212337e-01
1.239332019793936368e+00
7.040380597974074672e-02
-2.396165513325620111e+00
-2.263153107268961683e+00
6.554544492965751479e-01
1.419870825277445237e+00
1.203896557181116878e+00
-1.173795245665915976e+00
-9.272391436605930126e-01
1.940001763994814721e-01
-7.437137378898071027e-01
1.216154179489685072e+00
3.000404644973836410e-01
-1.198016120915712523e+00
9.412863193034736176e-01
7.951228693255171232e-01
8.190275887521714093e-01
-1.372907086599751914e+00
2.111445712461534896e+00
3.573232500654954791e-02
-1.006741509937091328e+00
-1.761678687832443302e+00
1.847435159975429286e+00
3.410081277955764545e+00
-4.094208508482720665e-01
3.397222210906195805e+00
2.163003276474282366e-01
-1.769328981525771116e+00
-3.308140904510856739e-01
-1.180196044575420267e+00
1.779511865975133222e+00
-2.095258950974855150e+00
-1.454691509839186825e+00
1.962821730788843588e+00
-2.476464997034170668e-01
5.508113832889142136e-01
-2.687218874636041477e+00
2.164087843163203573e+00
-2.137690218304831635e+00
1.184819977977211281e+00
1.128188959935419344e+00
-4.641495882715775956e-01
-1.756865916305048403e+00
-2.861812745234945332e+00
1.271973045195390339e-01
-3.338697535669344907e-01
-2.753717350542311815e-01
1.216184460844063286e+00
1.566702387666993046e-01
2.141244720234629639e-01
1.819685483912564239e+00
-8.041643620993752517e-01
-2.750231436959308606e+00
-7.894712077964164409e-01
2.260376078661592736e+00
3.152692006512429201e-01
2.243757214882845297e+00
-2.039505281441863715e+00
2.129685448176572016e-01
-1.944222496942072942e+00
7.814065761051729453e-01
-1.155550288486372867e+00
7.858393149082043561e-01
1.076018649829452167e+00
-1.716718812385088277e+00
2.857661428838653705e-02
-1.861134325706192527e+00
2.030070594214306023e+00
-1.544222930724430398e-01
-6.599322496657062942e-01
1.341159733356010353e+00
3.299520716992740965e-01
2.552789479724965727e+00
1.199986299515888311e+00
1.220494981759083108e+00
1.041069709589456327e+00
-2.583360603481189344e+00
-4.139882749020959984e-01
5.166488961872968133e-01
-4.054232075516019940e-01
3.327353186782310290e-01
6.238444108815771605e-02
-1.687382665308440055e+00
-6.079729296015907725e-01
-1.270636087368084421e+00
-3.246414283153420399e-01
6.716987641198798320e-01
-2.333898016001571207e+00
-1.671170011029893043e+00
1.006939392082379925e+00
-2.886375500681220174e+00
6.280829360219317148e-02
-3.969081934761033992e-01
9.137017845820860629e-02
-2.207406571327383382e+00
1.134911793881532294e+00
6.997615168341304592e-01
6.612592648973943943e-01
-3.452821064833693665e+00
1.178843827482194406e+00
1.934868849233330579e+00
5.622413106196039873e-02
2.011016395386100442e+00
-1.064147524183354232e+00
1.554422653081802386e+00
1.224653822743307030e+00
-6.313633811845948962e-01
1.109236207816165276e+00
-2.412814241118146352e+00
7.853147389124620625e-01
4.274434533630197541e-02
-2.969514455151761823e+00
9.114998074514271131e-01
-1.665737749499612397e+00
8.445380948489600303e-02
-3.690042174248562290e-01
1.753018922950926317e+00
1.107186221209208732e+00
3.579558537343997537e-01
-6.113211939888293922e-02
-1.254648110852472964e+00
-3.221477296016388436e-01
1.244361821819961467e-01
7.042679774326481290e-01
6.259502932531524344e-02
-1.092642246222785829e+00
-6.094846841475867194e-01
1.749195496746444256e+00
3.420994991768909754e-01
8.501708367270556232e-01
-2.885506591915305119e+00
5.239550586357911710e-01
8.552080845135081599e-01
-4.373029278242944740e-01
-2.254987457458878186e+00
1.094460174776122674e+00
-1.420200792575237791e+00
-2.422457276528076076e+00
1.002284746079135980e+00
1.015821968546904319e+00
-1.197190141961496090e-01
1.834766675420814730e+00
2.076470771352559641e+00
-1.347536645398704991e+00
-2.319397913966249725e+00
-3.479834568583709542e-01
6.558560830199935410e-01
2.436768694486864950e-01
4.921973703387969579e-01
-1.194655053102810838e+00
-2.310130628538111797e-01
-5.713314696583191576e-01
-1.452891455834908419e+00
2.842401894593862721e+00
-7.939465288793033926e-01
1.129011035210658154e+00
-8.215788392430746212e-01
5.474464734250635845e-01
-1.282728960035297350e+00
-1.059151571507229050e+00
8.611430391420294983e-01
2.098402004419580802e+00
-7.307634034147921787e-01
1.701311457457291565e-01
-2.136780666594655820e+00
-4.180640159799100530e-01
-9.030205453959504469e-01
1.515281570519773080e-01
-2.977355243440164223e+00
5.544082638954681563e-01
1.538694589167027171e+00
-9.691743377797583658e-01
-1.686225012458836270e-01
-3.835026120474064326e-01
-9.024093726241444458e-02
-1.462207748894904347e+00
2.867732441057456172e-01
2.651466351376484121e-01
3.334063023567717110e+00
1.904009132678908811e-01
-1.320133730607631062e+00
-3.218422653039670345e-01
8.033617443335766550e-02
4.451804769964982644e-01
-4.888863595343723167e-02
-2.010817781623938094e-01
6.882328748115018602e-01
1.789841660936525969e+00
1.751388504261410128e+00
-8.350798591231662904e-01
-7.544427122027652644e-02
2.504328148992326142e+00
-2.148346737922809946e-01
-1.052833162875227435e+00
4.925244331862221880e-01
7.597404899801505351e-01
2.595589851659076075e+00
-1.806257544977952767e-01
1.579425957799501345e+00
-1.044996854859632673e+00
-7.725661912707932899e-01
-2.217269530074639228e+00
3.547157826499979794e-01
2.064438569631346088e-01
6.491897200861767026e-01
3.932286363004137142e-01
1.184387681495229661e+00
-1.835396940310913161e+00
-5.580409673508226476e-01
1.255519922142448674e+00
1.862794049224185899e+00
1.240152215439034977e+00
-5.621642267177472396e-01
-1.656665770306170460e+00
-2.122456660049080845e+00
-1.830330114583749834e+00
4.282315131105380868e-01
-2.333718740012162840e-01
-1.024351841872013225e-01
-2.961911723835103594e+00
-1.870959240276075519e+00
1.428746437209666764e+00
1.170139215192337323e-01
8.926100483790420093e-01
1.265479972609357073e+00
-3.691036175221121818e-01
1.464328923166396290e+00
1.317908377497277739e+00
1.764085953124775452e+00
-1.990744591238480243e+00
9.122015743345630590e-01
1.753219394060356873e-02
1.555549995219883908e+00
-1.426751293877852156e+00
2.771332857399906313e-01
-7.077405480771217228e-01
-2.216336206209509330e-01
1.860086447374834195e+00
1.510003089022779743e-01
-1.656356566658043317e+00
1.076114060846855791e+00
-1.413142483039086406e+00
2.383775355908313909e+00
1.864987555793258256e+00
2.434058041003765993e+00
-2.259216646352536273e+00
7.857050640006466580e-01
-3.597510573098883668e+00
-2.988059647527442131e+00
4.347456376185785842e+00
8.915962713602370027e-01
-4.930717629553778014e-01
-1.049457289525693060e+00
-1.873178754124894763e+00
-1.595035302265644939e+00
7.608409874477943813e-01
1.311986980390761115e+00
-5.798414920908634418e-01
1.945261449467023951e+00
-5.842975925057494191e-01
3.141712697848806912e-01
4.469924208968459878e-01
3.388295383875139510e+00
-1.796966817376818570e-01
6.710254285397980745e-01
1.449184464621127155e+00
1.244929437624725743e+00
7.844683962332354987e-01
1.594214356783480113e+00
-8.013579536125305935e-01
-5.602115815883517147e-01
1.741580033645383496e-01
1.527870369075778889e+00
2.665072947135772807e+00
2.432239668804351496e+00
4.786259106951679110e-01
-1.498299124196148302e+00
9.517020964970146490e-02
3.684133313688330524e+00
1.978579054238642110e+00
-2.325434014665096250e+00
-1.693968258108252689e+00
2.036064460649443131e+00
-2.670896981795078950e-01
-2.503130194453532020e+00
1.996464194132812731e+00
-5.907443584601006492e-01
-1.418146144411893905e+00
1.133644401503235200e+00
-1.120048985082985116e+00
-3.744077492167538490e-01
-8.522016399316570956e-01
1.430628593198681520e+00
5.664282027885565451e-01
-1.517297904977062961e-01
1.223073270666430901e+00
1.484858781738983335e+00
1.393043288629783216e+00
1.157974899870648056e+00
7.701797529530375330e-01
2.284741995195400666e-01
4.772776725608320891e-01
-8.044911213544082562e-01
3.711271992092456395e-01
-1.441777590715263457e+00
5.347214602670682382e-01
1.087531151312379540e+00
1.538917610260691182e+00
-5.026256272184106422e-01
-8.470019409263098709e-01
1.134287256974726432e+00
-2.024031315293604916e+00
1.991314979000995966e-01
6.489159097754462202e-01
-5.596527581851296063e-01
1.651932854094396053e+00
-1.045864571883347582e-01
-1.142644177218905543e+00
4.949047971344284758e-01
-1.621931658132242049e+00
7.290435510411854558e-01
-2.696350447418864427e+00
-1.290963100839102040e-01
1.602982541484440970e+00
1.554041977554540210e+00
-3.636361854286237483e-01
-8.497188941622739744e-01
1.107014255116851587e+00
1.139173066987806404e+00
-2.586733191401280330e-01
-1.076248146536016081e+00
1.248184395728383578e+00
-2.809329803681065996e-01
6.698287832034114375e-01
-2.896919224575333907e+00
-9.619766474999775774e-01
-7.947303930733956578e-01
-2.473828398183551602e+00
-9.267500536335832040e-02
1.172477171680333274e+00
-5.145625829259261597e-01
-3.786734142677739001e-02
-3.332950707071691276e+00
-4.911500210235876240e-01
-1.023707917616293983e+00
1.303257994546439757e+00
3.763168615015300977e-01
1.073024073714353488e+00
-4.296167469185165899e-01
-1.334211798790392534e+00
-2.942949055923243407e+00
2.908123848193178151e-02
-1.980555702714976940e+00
1.057351354852350767e+00
-1.101201973421376046e+00
5.151208328865126695e-01
-1.364647660947186258e+00
-2.138667862524487040e-01
1.890808396791174406e+00
6.622115086977949927e-01
1.941371116406864772e+00
5.447762073771360569e-01
3.086613463972453175e+00
1.105549576458090266e+00
3.805658083591543783e-01
4.354944870262853485e-01
-6.907293916290482283e-01
-9.653016639738803972e-02
1.157678084120394191e+00
-4.782954684333858841e-01
-1.744168571273443824e+00
-1.964987481633088340e+00
-1.017748315394470193e+00
2.087401747950079489e+00
-6.555601211090545943e-01
-7.366868847588248226e-03
2.025344294246838039e+00
3.599565445633643002e+00
4.761220778705470003e-01
4.839476225303038781e-01
-6.508819011629506379e-01
2.110169464891587410e+00
3.487232724628570590e-01
-5.464263221189630260e-01
1.229045727751819195e+00
2.411866639965769998e+00
5.575592329234766442e-01
-8.417033514771753433e-01
1.105759364096280395e+00
-1.613146904273573323e+00
-4.233035616428350245e+00
2.728907305893056190e+00
-1.676576568928133670e-01
-1.230038799319559839e+00
5.125804270986411559e-01
1.210050719104062589e+00
8.553192829511238049e-01
1.485838153395455663e+00
-8.850896996001649253e-01
1.908904266594334542e+00
-1.690228424234190951e+00
-1.835139418940868183e-01
-1.784819894647900140e+00
-4.121666831578116863e-01
3.957253338198554182e-01
4.146866243096575033e+00
-1.100192572711580441e+00
9.162297755921133824e-02
2.947596765062749924e-01
1.146089201053817952e+00
-1.136717327204571637e+00
-7.050037947536540450e-01
1.317596042209597806e-01
1.440443688492827334e+00
-3.628586260458151358e+00
-2.091490573149257515e-01
9.250416866841684183e-01
1.042935274275067714e+00
1.999310489927054624e+00
3.954866961931225999e-01
-1.262011722416307213e+00
-1.325649012304318752e+00
-4.267233005988411154e-01
-9.349431703049804199e-02
6.347496312804317142e-01
2.534687635196109845e+00
1.408035874597508563e+00
1.787856431511654964e+00
1.062918494567779287e-01
1.337336187839502921e+00
-5.016587311614169042e-01
-8.645158885549864003e-01
-1.222294507589978263e+00
4.544237576641393384e-01
1.509412800442127001e+00
-1.832249322682000914e+00
1.497673060025562775e+00
1.528214724074353992e+00
-2.517953096365482146e+00
1.133213736921078407e+00
9.848360493578783847e-01
-1.439894532194649079e-01
9.717555928423854406e-02
-2.075224869309465703e+00
4.424469613906142351e-01
6.000150106993618060e-01
-1.992870936380494729e-01
-6.426983968690458404e-01
-1.922271282907210610e+00
-1.485057180046692071e+00
1.594812690346268713e+00
4.158410618781699375e-01
1.148215389632087913e-01
2.029057727588528870e+00
-1.588718676145449482e+00
1.422806361176363721e+00
-7.104135415053203229e-02
3.210826074716270351e-01
3.847892880892045397e-02
2.690219026063083718e-01
2.394811396722862362e-02
-1.274431609267228760e+00
6.491772856209443443e-01
4.558225053635075463e-01
7.050017326763071690e-01
-2.989218785581292392e-01
-1.207355651641770278e+00
1.499660572997175256e+00
-5.454812295939829303e-01
7.835797805283239992e-02
3.020040294014365578e+00
-1.620428049190207886e+00
-3.221544856349567443e-01
6.244700399846043748e-01
1.921787318174334347e+00
-9.080305980591912851e-01
1.249439621688202884e+00
5.376556520450701537e-01
8.780369268601886379e-01
-1.301417178651060214e+00
1.242529751403335769e+00
-1.240256738875461284e+00
8.666891397337821434e-01
5.663965648181376045e-01
7.817026201451741096e-01
3.779783059020737745e+00
-9.981114600635141443e-01
9.504210932102021836e-01
-1.304079276470265558e+00
8.689357028114940151e-01
-7.963294509770711960e-01
-2.483878654951619858e+00
-9.430691637085691914e-01
1.051476230424939651e+00
3.649615466448132839e-01
-2.085097438354179822e+00
1.098029764317792978e+00
-1.697014912324370295e+00
-2.841741354552744792e-01
-2.576084253553475367e+00
-6.292219933559557443e-01
-2.952598988148349868e+00
5.760559452782483270e-01
-3.777889854544492998e+00
-3.373454140811221746e-01
-6.557948208921314803e-01
-6.508419627160899612e-02
9.506570198244206349e-01
5.466429774538941189e-01
-1.987295239521726931e-01
-2.171030217882672808e+00
6.145973177417654587e-02
-8.330735791003820445e-01
-1.573094027177706966e+00
3.105933270347938091e-01
-2.161441628174707308e-01
3.275592564472480817e+00
-3.182487792122348225e-01
-1.495298770511204189e-01
-9.077528853314966728e-01
-2.602126574208348586e+00
-1.345279433003250258e-01
-9.840713958612756773e-02
-2.069643232155217172e-01
3.402561877658663025e-01
1.271754329604730227e+00
1.552120769442424164e+00
7.413660334881347902e-01
-1.384641728616982759e+00
-5.107873792517749756e-01
1.074308372120094779e+00
-1.379268840523241835e+00
-2.632538399009747287e+00
-7.072288831301942746e-01
9.834492653060147305e-01
3.878808567380306327e-01
6.456769683682481720e-01
-1.552295723072908418e+00
-1.638388769063221062e+00
-1.283157762283383407e+00
-2.657787229155436748e+00
1.276472455153967678e+00
1.400205090135958841e+00
5.420217069497912377e-01
7.747684481276270185e-01
-7.863471196064180102e-01
2.762702109725652111e-01
-1.954933438278774638e+00
4.480085077266948712e-01
1.347398505561661519e+00
-1.953217653807811094e-01
-1.512201474488324093e+00
1.511719250740099163e+00
-3.508276601911287651e-01
1.006519016424037405e+00
1.505816383580831364e-01
-2.303746784480281418e-01
-1.604503965195082982e+00
2.160646301676133696e+00
-5.098451947308949017e-02
1.126699632989814237e+00
-1.233040041279249710e+00
-5.721409074580285914e-01
3.739323677140812263e-01
9.918245038841470018e-01
-1.147255449315815801e+00
1.524983997682623493e-01
-8.257714369410704691e-01
1.764007360450601913e+00
4.755964572817002467e-01
-9.371646541907747707e-01
-5.554182992101068805e-01
1.919704630887369312e+00
1.296007407522946631e-01
5.740963356307544618e-01
1.889848036539670817e-01
2.019719263362813599e+00
-1.615406057649212412e-01
1.978693465450388489e+00
-1.988425202837701633e+00
-1.015313583670040876e+00
2.317506266789078895e-01
-1.799318393848270414e+00
1.504511023040216555e+00
-1.013342638500477122e+00
1.546662564454479361e+00
2.126520486195860316e-01
1.046589453837538208e+00
-2.313117928043233462e+00
2.190063438576694832e-01
-2.887820871252245070e+00
-2.105484956711102473e+00
-3.120212138685507952e+00
6.404711686922995861e-01
3.195156414479538576e-01
1.839564769867501060e+00
3.412124117093378040e-01
1.166755056818322922e+00
-8.745958963107561823e-01
-2.053103884630405052e-01
4.334824629144144459e-01
-2.025797204906981896e+00
1.818752495295771876e+00
-1.330701057179722868e+00
-4.214751582422127107e-03
6.555996413102302967e-01
-1.535952829321660884e+00
-6.601211627715936059e-01
1.012420037468857670e+00
1.042025205708393687e-01
1.130232589089905648e+00
-1.297444630212428729e-01
-8.458025459741004282e-01
3.560976510810150431e-01
5.353500410058001924e-01
-1.479294436061612483e+00
-1.294230471071292854e+00
1.644370574555862552e+00
-1.435129193776994772e+00
-1.997032728680138147e-01
-1.443136299491532659e+00
-1.761023935007299368e+00
1.913272521709288965e+00
-2.129144993053678103e+00
3.228119607528913138e-01
2.383077503963966226e-01
-1.637341693827200517e+00
1.262738062958452145e+00
-3.034749245819937657e-01
-1.518183489525207097e+00
-2.045686103910079323e-01
1.034000102323835435e+00
-1.406766312496603666e+00
1.327872995104671383e-01
-1.115919083556154767e+00
-7.199657383776307817e-01
1.570835046975961768e+00
2.002652386700705556e+00
-2.229883146643925340e-02
-1.050983978090370918e+00
1.041410646737962464e+00
2.903686280490189731e-01
4.713755116970249626e-01
7.768530624838225762e-01
-1.423267634957487093e+00
-4.442560924878672934e-01
1.721390371542719788e-01
-4.119877399148536012e-01
-7.923492986228021229e-01
-3.915354752151638529e-01
-3.912513746636674394e-01
-2.432546223453586620e+00
-5.746468896737720877e-01
-7.808266504814255216e-01
4.495437743012440368e-01
-2.616405128178096007e+00
-1.837438393072230447e+00
-4.928542265399600275e-01
1.788137524439919579e+00
2.362949649349886383e-01
6.491111350659692913e-01
-1.751405019919551886e-01
5.049997002141698443e-01
-5.506815017111987842e-01
-3.370440986744173140e-01
3.846954960674312751e+00
-6.686434294460542882e-02
1.304621194327179046e+00
-1.874725224581869076e+00
-9.971278518297901905e-02
6.409739571920021195e-01
-3.916874075707400538e-01
-1.338895809735905829e+00
