3.769563503575930064e-01
-2.274585592113727017e+00
1.579666380956753935e+00
-1.214453207863655848e+00
7.049479206692048638e-01
-1.267287961718740696e+00
1.436414690724091281e-01
2.947658586575335748e-01
-7.519113470487811535e-01
2.281608528943219749e-01
2.918719403859191264e-01
5.118988466924396796e-01
3.103612488056514351e+00
1.042591388428629973e+00
-2.988525711328444689e-01
-5.972661024885103087e-01
2.357997530151711540e+00
-2.512495104115380906e-02
6.504402155712546429e-02
9.083920620972862903e-02
-1.771012474433083295e+00
1.100759660267506712e+00
1.196670978393754581e+00
-9.510248749995999784e-01
1.594989001084940794e+00
-2.929639139763856814e+00
-4.007738478639180091e-01
-1.088776020861933036e+00
5.149529986455138042e-01
6.903060765527053722e-01
4.826399218309341821e-01
8.396956498288651316e-01
-3.183584591872298475e+00
3.909471540999447381e-01
-4.494744134043981987e-02
-2.226066692871333519e-01
-9.883147303176935683e-01
-7.409454036737181948e-01
1.136416958341042838e+00
2.301648283952940632e-01
-2.736589392938852949e-01
-1.316930261815330905e+00
-7.410742259198759285e-01
7.077308381528695236e-01
-4.520894729032173265e-01
-7.227071206103319323e-02
4.699163606869870558e-01
1.851788190665606848e+00
2.447144688660169987e-01
-1.539882231494396736e+00
1.208569890605520614e-01
-1.355433068120105444e-01
-1.198369990496778614e+00
-1.703432716502238042e+00
1.581934927454876405e+00
-8.216870091068668724e-01
9.164030377921021930e-01
-9.321066684342960151e-01
-4.764897876287297329e-01
-6.766375518913982923e-01
3.146747960388251997e+00
1.015822067233883796e+00
-6.698335962632764318e-01
2.624833245722716368e-01
-2.415658667333052456e+00
6.391841552368837664e-02
1.311695081275778829e-01
2.442081588267612791e-01
1.776254347712812987e+00
2.836248612476667263e-01
-1.872865148425929549e+00
1.220140489685069829e-01
-3.589341518320268154e-01
1.644710912296241778e+00
4.751174456814080127e-01
2.250834894310981049e+00
1.492474185849350654e-01
6.182862287615994434e-01
1.608477770237694005e+00
-3.878828786497571790e-01
-6.544710116408601897e-01
1.253206394266418888e+00
-1.446029005102805520e+00
1.525394475190907650e-01
-5.185714040908804279e-01
6.058753213563187190e-01
1.565631286091185848e+00
1.143578974528668413e+00
-5.124865554362511011e-01
-2.390148131307391344e-01
1.149582848528270862e+00
1.732148861393461248e+00
-1.780037576456962034e-01
-7.344614624310877860e-01
-1.011760108915290557e+00
-1.492287450964753015e+00
-8.494625504281352324e-01
-5.678663562472839876e-01
1.141934047361609750e+00
1.093423403013029649e+00
9.883228484130720526e-01
-7.477581597906119981e-01
-1.455892196702496477e+00
-8.155970297264099056e-01
-4.501568860836047126e-02
-2.556085545208667265e-01
2.324148370306942102e-01
1.290765884467638402e-01
5.728807822943117189e-01
-1.245097745242262910e-01
2.402974732109477873e+00
-1.287561492217827563e+00
-2.197182825734997458e+00
3.414620440935949297e-01
-8.720907236060791989e-01
-2.179538880909740239e+00
1.421333041435867139e-01
-2.263725416093761211e+00
2.248296462820672525e-01
-3.324800829823534309e-01
-1.171468039516224913e+00
3.192452575637116929e-01
2.030836233854856232e+00
-8.604574521546297650e-01
3.649578105554695640e+00
-1.587722131956961213e-01
2.082673247755143286e+00
-4.697645781607072690e-01
-1.389466141935773447e+00
5.933303687415951710e-01
1.805650200692349827e+00
-8.922939928233031281e-01
4.525323408522795576e-01
-5.836460885820139444e-01
9.272991086416315643e-02
-1.545913750308858248e+00
1.019570814137576553e+00
1.311558587932584397e+00
3.085972559236589419e+00
-5.139483749607793861e-01
1.583823897224441390e+00
-1.969262317299671494e+00
1.222658477801437993e+00
-1.253949638821376444e+00
2.591497082012673703e-01
-3.095786697141873489e-01
-7.471258733541116248e-01
1.494075974292551900e-01
1.058418976010171875e+00
-3.243568196819557325e-01
1.527311633479092823e+00
1.357041358956092791e+00
-1.205486311872124627e+00
-1.095603800718378373e+00
2.315594656200258283e-01
1.084655971899863847e+00
3.676810330424415962e+00
2.190307569710073565e+00
1.234212585303491316e+00
-6.753287058259471731e-01
-1.558156715622610378e+00
1.452838886144226960e+00
1.844150726246021499e+00
1.316835834762256630e-01
-6.895002099950989782e-01
4.424957030311578166e-01
2.585705255735692099e+00
-1.081743041953816320e+00
-7.954678465878104454e-01
-1.020953957926147737e+00
1.670122520840650493e+00
-2.253040578993006804e+00
-1.050930824355309046e+00
9.239987101982418682e-01
5.224020976354535328e-01
5.905034702473815900e-01
4.220650985116175535e-01
1.047980297631756263e+00
1.804605779442591373e+00
9.602037264399467809e-01
1.435584628753702630e+00
-1.358421867785255088e+00
5.834649289880915468e-01
-3.807464739137067511e-01
3.167957247486281602e-01
3.355137348174710432e-01
-1.332827690260401932e-01
2.113990713401760146e+00
1.395944143708987006e+00
2.428699050817771099e-01
9.519171145480914698e-01
1.034637994492570767e+00
2.874394959429444341e-01
1.283125900212774617e+00
1.478970325616549397e+00
2.635519211895974045e+00
-3.405187687398150143e-01
3.841596755593340573e-01
-1.122657183253034541e+00
-7.341153110282964134e-01
-3.701528886095941662e-01
-1.255298135397629355e+00
-2.740167937219130101e-01
-6.862405075387261189e-01
-1.944107510652354209e-01
-2.683195758011868826e+00
-6.188875944879156377e-01
1.371693782799844330e+00
1.837569157220178440e+00
-6.004345369340933214e-01
-3.160170582579392429e-01
-1.466353627029403528e+00
1.190946720715244433e+00
-3.597342649613436416e-01
1.403185509639961470e-01
-2.645272057105285679e-01
1.255541716589249734e+00
-1.164324617914146154e-01
-6.466508480873390807e-01
-2.178860066550301955e+00
9.873342700824989659e-01
-3.832160539288139711e-01
-1.441802770690142843e+00
1.210038051387262170e-01
-1.479011504044815961e-01
-1.412192469122944827e+00
-2.516706266837460682e+00
-4.353859856447656052e-01
-4.878912054948064680e-01
6.701554526317459182e-01
1.074192695716124746e+00
3.864570574960841665e-01
-1.684211525904000251e-02
1.747559305351630066e+00
5.511149836447308825e-01
6.826381476175495955e-01
1.994063872127986636e+00
-9.609790852412986029e-01
-2.136945578275872837e+00
-4.210016943427152825e-01
1.042761722272103952e+00
-3.416770097599298728e-01
1.222585910457287817e-01
5.393034973694144085e-05
9.103159831140544833e-01
-1.471121770217148628e-01
4.427913095786121245e-01
1.117489597506280630e+00
1.887141665372780830e+00
1.792267730775195300e+00
8.009900816643235055e-01
-1.747714925863614877e+00
-7.410192951652047055e-01
-7.353917287139830616e-01
-6.944291436664865591e-01
8.594611322450125268e-01
9.953745024711978528e-01
1.829531649038359742e+00
9.971685677522734714e-01
-5.277646965901370280e-01
1.047917378284116019e+00
1.397703163305763496e-02
4.301095794313147813e-03
3.646914831976215687e-01
-8.705229002616312606e-01
1.379593959735170960e+00
2.030145366155361231e+00
2.068132425931138663e+00
1.530914626093346165e+00
-4.898173227533519913e-02
4.792514749988813771e-01
4.221399800011347292e-01
-1.216127541575793725e+00
8.553299494471882092e-01
-8.093818249656078434e-01
-1.564395951168497945e-01
5.697684360069531495e-01
1.051136659049353383e+00
-1.697630556086319187e+00
1.677048600485925522e+00
6.631116717964847806e-01
8.657690087840870241e-01
-1.287611559694343821e+00
-2.103862767852755500e-01
7.630860290531311652e-01
3.573706170732948717e-01
-2.173390073792083488e+00
-7.917438176280371387e-01
2.903804589598767638e+00
-2.545539875896340121e+00
1.191031075520185611e+00
-1.662945560630608721e+00
-9.229966911588309841e-01
3.880428728376220660e-01
6.302149983807847633e-01
-1.189280702394123201e-01
1.898691237269250209e-01
1.197166314842386114e+00
1.270199680055265068e+00
-8.839333315050854623e-01
-6.101840515787531061e-01
8.734242108038222652e-01
-2.286771501775252347e+00
-1.696843281138079584e+00
9.185622317170123452e-01
-2.261431389261849834e+00
2.268042592394706070e+00
1.024627121203407487e+00
-7.354354121359810703e-01
7.941723262637064851e-01
2.177251081616584649e+00
-8.505432711330553897e-01
-2.156384026725401526e+00
-9.012655658316376384e-01
-2.900433930522072767e-02
4.154353965791462988e-01
2.017076919284058967e+00
-9.478259417846177648e-01
1.546810404879201073e+00
-1.108647704809211376e+00
-6.858795633861333174e-01
-3.464820206363222188e-01
-2.130679184947930516e+00
-2.236129510868221093e-01
2.162518898670584555e-02
5.790926915131378028e-02
1.818029283785633110e+00
1.118454882002500206e+00
1.739210152731361037e+00
-8.012714180655571283e-01
8.932097946963201140e-01
2.085021991587127754e+00
4.471096066733453167e-01
-7.947922664368479717e-01
1.025042451837517854e+00
-1.747108599948276053e-01
5.145665423397272065e-02
4.063869004174404109e-01
1.256626105885982225e+00
9.393520269128393663e-01
3.476477051967363785e-01
7.834365794077747802e-01
2.911020307751084779e+00
3.641751507594167547e-01
9.330662237957479954e-01
-2.495560513695371796e-03
1.774129865593082611e+00
8.612302708369068416e-01
-1.801803238362227111e+00
-1.625676502574283089e-01
9.098761441309355380e-02
7.761583541856479362e-01
3.851628912009360528e-01
-1.568464557059911502e-01
-1.694961901813634375e+00
3.969082093784407905e-01
-1.987946268063385258e-01
-1.494431472260306482e+00
-8.543676369888798527e-01
-2.707339866103649628e-01
-1.652615271963679966e+00
-1.719014421411946714e+00
1.049149245740863545e-01
-7.926738169955102054e-01
7.996714367117786493e-01
5.259844822882494553e-01
-9.895578000254148243e-01
1.262731163352323493e+00
8.022375642269856666e-01
2.427109432948809431e+00
8.131689634654822862e-01
-2.787337000211700833e+00
5.515637574901710583e-01
2.889262759992061724e-02
-3.459087139318084425e-03
7.306696408526280884e-02
6.656544941484864308e-01
3.570086291728900574e-01
8.186228555984667588e-02
-6.950538777942837365e-01
-9.924593335327984711e-01
4.657279639395377480e-01
-4.569016998665520468e-03
3.540473343295338360e-01
-1.449701703088000615e+00
2.748896032014463309e+00
1.058041034758814558e-01
-2.112603577547199629e-01
-1.611629711737813553e+00
-8.897736196763705863e-01
2.046973909984161288e+00
-1.516954957183023867e+00
-8.773475256355679486e-01
-7.813793471083654296e-01
6.827838620782062939e-01
-8.763864925812145934e-01
1.156594913061704588e+00
-1.116608233198553624e+00
-1.784596259574765809e-01
-1.508002345517821974e+00
8.573876807329892935e-02
2.619231641449495385e-01
1.183628872738487381e+00
-9.695808228666088491e-01
1.122088161553266294e+00
-1.279322575499912240e+00
1.060267281406275242e-01
4.730078637900855809e-01
-1.262913427822091039e-01
-2.114802353233964816e+00
1.021782850466434356e+00
1.172841246463785403e+00
-2.124193304127810766e-01
-1.490626980554948577e+00
2.765638561335469703e+00
-2.510799039584633574e-01
6.767803687123767897e-01
-1.441447689033619195e-01
-1.677845752218287245e+00
-1.027427861521919894e+00
-1.033058460367412223e+00
1.461833365291668185e-01
1.318589001137163041e+00
-3.434517816360335152e-01
2.583515398515714434e+00
1.524536600890127325e-01
2.501773871822123851e-01
5.471920437733216458e-01
-4.181430438157149876e-01
-3.226373992028988003e-01
-2.024050535719764121e-01
1.195826695600392675e+00
1.936003751749034274e+00
6.402717799303263568e-01
1.741647956154366295e-01
1.320351171444820837e+00
-8.815873574924943945e-01
-7.893672191338533262e-01
7.179377842965940504e-01
-1.360378134861636834e+00
2.029512940519491160e+00
2.814845318641490568e+00
2.414342239573748827e+00
-1.046345473659382463e-02
-2.463809317786423980e-01
8.154543992956181375e-01
5.308393204999370951e-01
-1.694178992655081428e+00
-8.478122152518585697e-02
-1.488634668061081356e+00
1.960573231706045139e+00
-6.462797143869879468e-01
-2.191477357618886401e+00
1.690551049578544962e+00
-1.966315694499931155e+00
1.363226976233040677e+00
1.027779366859514987e+00
-7.506004304934879023e-01
-1.625471372105676604e+00
1.969814574424885389e+00
4.119216470362160321e-01
1.314553076608323323e+00
-1.027516008764661315e+00
-9.822388636781246296e-01
9.155291623137684631e-01
2.222058058923678026e+00
-1.667726597670827760e-01
1.091039995448667366e+00
2.108659689768700218e+00
-7.780206680993159152e-01
-3.750606536096019461e-01
4.582490797597105203e-01
5.945243999371624399e-01
-6.621655259131615789e-01
1.632242648429850895e+00
-1.759612886087011940e+00
1.080547995473092548e+00
-1.415254838229598189e-01
4.146826428574733603e-01
1.386469348314049554e+00
1.286185160520560977e+00
-1.501994659135193366e+00
4.423440351409702043e-02
-2.322667249145738966e-01
-3.726773066217226038e-01
1.182238151323623532e+00
4.237204891951693586e-01
9.652155159961930408e-01
5.917586650437247631e-01
1.293419156861359554e+00
-1.603400223711012540e+00
-1.983772639193463583e+00
1.137569794075621088e+00
1.438118736047010238e+00
5.652783812167894162e-01
1.666676660219251094e+00
4.095401615951509422e-01
-4.488171736636294984e-01
3.589887624418139911e-01
6.239646910033119775e-01
1.588175767839475339e-02
1.653265079501212487e+00
-1.878950439232850878e+00
3.690915546907036493e-02
1.354437776083639022e+00
-1.838123969753565623e-01
-3.029597697512753096e-01
-9.681260347391480447e-01
-1.692704746691078732e+00
-1.723332228735623417e-01
-1.943250659635825384e-01
3.537647703049375814e-01
1.013517033557731928e+00
-2.293844894091053854e-01
3.919404042926697418e-01
-2.981480550747687142e-01
-2.017550470081627356e+00
3.128584860569257886e-01
1.020734546601911319e+00
-4.135491565368860645e-01
-5.188716201519374405e-01
-5.324114867088770575e-01
7.813545711141038907e-01
-1.637996506131830454e+00
-8.702716234367856574e-01
-7.693928555022029325e-01
-6.189651637958273334e-01
1.304985115527198314e+00
-9.438013368218234334e-02
-1.588760552686747207e+00
4.791843961537192720e-01
-7.366799723395300870e-01
-1.093201180953580653e+00
-1.116901930870865423e+00
-5.901534153159204710e-01
-6.110698818338771154e-01
2.523423463615607432e+00
-2.770167692111326074e-01
-2.592040833722708548e-01
-3.388377806667490777e-01
5.998503499439629127e-01
1.041580827508385765e+00
-5.252312841361096440e-01
2.519534836822029389e-01
-1.959894448226260355e+00
-1.799918648447481617e-01
-1.851271912122653074e+00
1.755700305132270600e+00
-2.014585214937500979e-01
2.821507056066716590e-01
1.144779114757528360e+00
4.458569126382125880e-01
7.066934735505978615e-01
-2.094548878225266808e+00
-4.646952289552187532e-01
-1.467548356001624477e+00
-2.470626937962929481e-01
4.400593440022441127e-01
-1.163220548226342244e+00
-2.647791201904390768e+00
-3.706509841087934909e-01
-6.062686442391230779e-01
-6.448695552028224087e-01
-1.182637166165897202e+00
6.128213071942827384e-01
1.967009725023810551e-01
1.976299086165905772e-01
-7.471980760295928725e-01
-1.790792716792390271e+00
2.156530324362213591e-01
1.074719238295724466e+00
1.018386130582433102e+00
-3.058660807243276381e-01
1.678587622930409085e+00
1.185129337591322551e+00
-3.706794833138372658e-01
2.975225747107948848e+00
2.115482611749416986e+00
1.748173579112063947e-01
8.884578912688176344e-02
2.060000778723888537e+00
8.123350709595904551e-01
-7.971995351057337142e-02
9.548128217816587160e-02
7.458953487912397540e-01
-5.914739428680051425e-01
-8.240840636929691598e-01
5.922315692006882015e-01
-5.276567755021732697e-02
-1.425561854174262066e-01
2.795458655152842642e-01
2.625905726256132944e+00
-8.897081473824319797e-01
8.642239884128291583e-02
-8.650770378166475760e-01
1.379335660015726051e+00
-1.925312567945254294e+00
3.285527044397551499e-01
8.869916626572125207e-01
1.969220090650101174e-01
-1.302075150101646095e+00
6.790808884953795088e-01
3.444784986450222242e-01
4.336707959563714798e-01
-1.660955060932721716e-01
-2.290919416426519639e+00
-1.363837916607730572e+00
-3.170628165888564887e-01
-6.846978807011174784e-01
-5.380328685931667909e-02
1.111274123454035534e+00
-1.003707657261352360e+00
-8.097327677458936446e-01
1.971014330713166673e-01
1.113220341633460952e+00
-8.092042273122230789e-01
-1.527412449481550638e+00
-1.009568168176382841e+00
-8.446705133692821166e-01
-4.230809095565462030e-01
-8.156855676824410484e-01
-3.664568052505438600e-01
1.442795552410824911e+00
1.817538289144465802e+00
-1.751693160170840313e+00
1.952891618735076718e-01
3.757713738380441537e-02
2.343574257826090079e+00
4.959074663485232293e-01
6.679648656795589279e-01
-2.996523133034255437e+00
-1.594893289754262256e+00
-8.108914176501067494e-01
-2.887414700797489298e-01
-2.776050259202635484e+00
1.663671877887050066e+00
1.261467750408038491e+00
5.711301655280738299e-01
1.790222361094022441e+00
-2.466518863170025222e-01
-6.478077235511841003e-01
1.138422902901811584e+00
1.810629947166714215e-01
2.917645905720649413e-01
-1.026189273749383624e+00
4.611648978516225128e-02
3.772553924913963908e-01
1.614061191300934839e+00
8.384660811635932243e-01
1.507443423931187354e+00
-5.358733034025416897e-01
2.315275432777820219e-01
-9.185757257227146200e-01
7.882500806524068704e-01
-1.011387877861485762e+00
2.501802215183697164e+00
1.683386877213707944e+00
-8.015459619832342453e-01
-2.092782232331336090e+00
-3.233063381351911070e-01
-8.289200350492895719e-01
1.361472101805814017e+00
1.793551106037646059e-01
9.553076655932096761e-01
1.258669360471204257e+00
-6.442027047861945688e-01
6.930680989714260720e-01
1.036410948293914336e+00
-1.172521287275883672e+00
2.583659773068299970e+00
4.998647137301821530e-01
-4.853844491282378604e-01
1.950983584645738234e-01
1.652954781445498567e+00
-1.014765152462234754e-01
2.519500428202009479e-01
1.941668311063683428e+00
-5.911822097654069186e-01
-1.515726533261032571e+00
1.596191899035462880e-01
1.735469058889203442e+00
-7.372875197895656374e-01
-1.019354341266941466e+00
-1.820999125143565767e+00
-1.025442337083589672e-01
8.749580394306768483e-01
-5.566894921083914705e-01
8.269075029072496807e-01
1.045492114999970468e-01
-3.902326312966804545e-01
1.358841018641020026e+00
1.499460676363821632e+00
1.096209636692798917e+00
7.479218274849341874e-02
-1.999560732072037661e-01
-6.663601786532984406e-01
1.011287164357495438e+00
-2.326125493202937378e+00
5.372852936946820313e-01
3.485590867443436602e-01
1.959959463827705139e-01
2.974409352245657168e-01
1.766328864007222776e-01
7.052243454354096830e-01
-1.211412773773470897e-02
3.649676170593634250e-01
-1.159276633715925264e+00
7.289490091799720739e-01
-3.021445537359413791e+00
7.296526066295407897e-01
-3.102088785471136534e-01
-1.438861768812116360e-01
-1.665609640192938778e-02
4.534465905376727779e-02
2.163213125130650560e+00
-3.630238149353751664e-01
-1.585782037614902995e+00
-4.358273314161008605e-01
-7.006355050940756835e-01
9.924697907903727856e-01
-2.856242494690994782e-01
2.047261409103914520e+00
1.937597552255983402e+00
1.519758346215575040e-01
-6.607820431450389664e-01
-1.100451724057769365e+00
-7.417540234501143193e-01
-1.219475938813787685e-01
1.047331876865571054e+00
4.566503950031536307e-01
2.728583693422921286e+00
-1.139682880066975601e+00
-2.264731353388019564e+00
2.202509676510024939e-01
6.602599250001552900e-01
-1.298586157123327034e-02
-1.953781084002025104e+00
9.530333582781905788e-01
1.535303725663924812e+00
9.648510126810174725e-01
-9.698060614988697203e-01
-2.838041812774815820e-01
1.759115107609378281e+00
-2.871359281323987434e-01
-1.823888083510487590e+00
-7.979313619524897039e-02
1.481880901965354269e+00
1.081112174326422481e+00
-1.575320545320369581e+00
2.431739397398632097e+00
1.115724999742115919e+00
-3.544698554504860377e-01
-1.010767231381037634e+00
2.908918774664048801e-02
8.765198698507563613e-01
-4.088855238716534446e-01
4.999107330928841408e-01
-2.208724793909843775e+00
5.628290638130684087e-02
3.682938181988146265e-02
-2.928906453367275953e-01
-1.560693337681980264e+00
5.783279423569342992e-01
2.036933912653557943e-01
-2.198759766038143049e+00
1.246183191796024214e-01
-1.919844338396309080e+00
-1.309825425251098796e-02
1.486137756540486521e-01
-1.407582561076249350e+00
-1.354677411836327616e+00
2.597042161234366375e+00
-7.481174669075740802e-01
1.064457877865826685e+00
3.499007237066229514e-01
2.588345144455030500e+00
-7.004809210042284295e-01
1.377705273275036113e+00
-2.063919053590725028e+00
-1.373176550981731303e+00
-1.492515776049835985e+00
1.313700310755606004e+00
-1.846519549157417561e+00
1.605907521387911485e-01
-2.282813119379508704e-01
-2.854414161039874331e-01
-2.166068908948787786e-01
-2.258562316163537087e-02
1.029007658469766273e+00
4.053785822087347945e-01
9.565840792002110460e-01
1.601074210723054003e+00
-8.134504113324969587e-01
-9.959957461339564722e-01
-1.722294935743311717e+00
1.106995655173379722e+00
-1.731978409674408859e+00
1.422081201453491150e-01
-7.059016756637225276e-01
1.842284177616992258e+00
-7.296988016140465438e-01
-8.601836035414351933e-01
-5.891709732582309789e-01
6.824517463362893555e-01
1.592302318217382551e+00
-9.422870001193462963e-01
-1.932959741686349542e+00
-1.121398051674134422e+00
-8.551040174542012817e-01
9.556822722374973544e-01
7.022258041369739967e-01
-1.050276205316325484e+00
1.027067025918223742e+00
4.811186496514523459e-01
9.102571547033152521e-01
7.687780416075699064e-01
-6.394964599576403730e-01
7.765293710514770131e-02
3.888288753001623022e-03
2.328138798245025676e+00
1.606291569796859386e-01
-5.677943020246841721e-01
-1.080879551698766372e+00
5.462585827081800627e-01
-2.060446226549995652e-01
-7.653843517743653679e-01
-5.393879458881587485e-01
5.749860497424024164e-01
-7.579148102120588648e-01
6.685746360979245573e-01
-1.100308966786255782e+00
5.160005824739922753e-01
2.485060276901761789e+00
1.858094038304930917e+00
-1.158247042221490553e+00
1.111972622644358699e+00
3.727937504794717194e-01
-2.034966733163368513e+00
1.652829723005664331e+00
-1.179354164044926101e+00
6.293494980836056296e-02
1.915184049541731381e+00
-1.157244108134873439e+00
8.570023607595963488e-01
-3.405299609947819439e-01
-3.226518195315353221e-01
-1.564727646033963415e+00
1.975280762779949573e-01
-4.795276928077132350e-01
-1.175765568231415537e-01
1.401404962591480396e+00
-1.035692337601489710e+00
-3.154968179353969671e-01
1.173438499573580263e+00
9.884402978424662312e-01
6.878781903725526004e-01
-5.865720744042519641e-01
1.028220624455917331e+00
1.094164180184021617e+00
-2.479222259529302974e+00
1.167143035370005633e+00
3.987814170770938027e-01
-1.160870540362848313e+00
1.353890774115512063e-01
1.674451299582547237e-01
1.352930553120719637e+00
6.665952977263556178e-01
-1.420427990126864159e+00
1.303274827374706124e+00
-1.321793852834104444e+00
-1.148369406721805763e+00
7.559365752524627169e-01
-2.937889134667426294e-02
-7.511865904654868586e-01
-2.107830314131906024e-02
-4.227644046483117757e-01
3.762243239691784868e-01
7.572640884437106257e-01
-1.592065053058680513e-01
2.056910060968445642e+00
1.231584346065513758e-01
1.217058387734193836e+00
-1.165935054707759155e+00
-2.727698108851817071e-01
-1.696131150656487119e+00
8.250155523242137523e-01
1.715999232061779178e+00
-6.377863118363695794e-01
-7.165443243617657387e-01
1.941564175590700714e+00
-4.321553728417176776e-01
4.050721065817702859e-01
6.803517329150300386e-01
-1.243067530935364484e+00
-8.089579396357218233e-01
-3.014830219710276649e-01
2.722028592533007330e-01
1.003880795348299770e+00
8.079437908128812573e-01
3.193326434045553608e-01
1.217684259550524395e-01
3.477338198903956457e-01
-8.263560020725493338e-01
1.527008608929933509e+00
6.671671861661573333e-01
-9.469491492265539323e-01
-1.835886294527405704e-01
1.539684102148087819e+00
-1.863033859647660329e+00
8.373095503971041964e-01
7.736330231482977382e-01
-3.950615144342179974e-01
-4.469903990119923343e-01
-5.313759344621657998e-01
9.670553862030093484e-01
6.731819849501519126e-02
1.386730202854621119e+00
-1.143457745922200397e+00
1.102276440025629078e-01
6.764541753395574286e-01
-7.982057012987687772e-01
4.581683171452612946e-01
-1.224780333091926243e+00
5.039345562055538297e-01
5.390425483785026284e-01
-4.572910373388263672e-01
1.284918794823704191e+00
1.204299990505054430e+00
-9.389367264891336218e-01
1.238375964536108764e+00
1.280455283190186089e+00
4.554866237156339759e-01
-3.790129211794415198e-01
1.544673942327589700e+00
-1.160300477099351912e+00
1.093486173303371167e+00
1.201283335360457727e+00
-9.908904739532110595e-01
1.077058055415083260e-01
-3.791614810728793916e-02
1.454969491175730267e+00
5.423993957118117271e-01
-3.168805537854978427e-01
2.640138578325081919e-01
-1.346819459610641534e+00
2.925422941078970052e-01
8.818024610451797862e-01
1.144650879915335984e-01
8.152326521292263539e-01
1.052274441187051490e+00
-1.766503241287595172e+00
-5.693720915070981103e-01
-2.304806640840391108e-01
-1.028047274258668153e+00
-6.602276528419088741e-01
-1.329834614841102436e+00
4.677361345912525725e-01
-5.083436233938811721e-01
-8.330418938629983172e-01
1.397944818045900206e+00
6.278939065314145251e-01
-1.206895577013259668e+00
-1.858762340229626497e+00
1.442324398836998811e-01
-1.084264497898929092e-01
-3.561481339766743304e-01
5.113101745274118981e-01
4.743773953557613998e-01
4.572773697987448926e-01
-9.155811441471772838e-01
1.343645393953331935e+00
6.115066405809566064e-01
1.708391117342868970e-01
5.238340924130204801e-01
1.859646905287593244e+00
-1.002986825184271069e+00
9.830821010971586560e-01
1.757741207877907330e+00
-3.128488482465737741e-01
6.506776763600873315e-01
-3.261340329976142316e-01
-4.037861162059767084e-01
1.118412458771791407e+00
1.869889878642363445e-01
1.897184606832817977e+00
-5.757245541787315846e-01
-7.210551053123120946e-01
7.534633141792168587e-01
1.974221824639573963e+00
8.593973719930705357e-01
-8.083726535516008171e-01
1.957076995695777200e+00
-7.245239383961654678e-02
-1.369584287393022182e+00
-9.034972378481219701e-01
-1.737449156342552925e+00
-1.757106741591372978e-01
-1.598218223477155808e-01
5.365418469843042937e-01
-6.237107287038259895e-03
